Aust_Credit,690,690,14,2,4,0,1.2623,0.1024,0.7713,?,1,?,1.9701,12.5538,0.9912,2.3012,0.113,8.77168142,19.3646018,Ac2,3.893
Aust_Credit,690,690,14,2,4,0,1.2623,0.1024,0.7713,?,1,?,1.9701,12.5538,0.9912,2.3012,0.113,8.77168142,19.3646018,Alloc80,5.450
Aust_Credit,690,690,14,2,4,0,1.2623,0.1024,0.7713,?,1,?,1.9701,12.5538,0.9912,2.3012,0.113,8.77168142,19.3646018,BackProp,1.791
Aust_Credit,690,690,14,2,4,0,1.2623,0.1024,0.7713,?,1,?,1.9701,12.5538,0.9912,2.3012,0.113,8.77168142,19.3646018,Bayes,1.557
Aust_Credit,690,690,14,2,4,0,1.2623,0.1024,0.7713,?,1,?,1.9701,12.5538,0.9912,2.3012,0.113,8.77168142,19.3646018,BayesTree,3.114
Aust_Credit,690,690,14,2,4,0,1.2623,0.1024,0.7713,?,1,?,1.9701,12.5538,0.9912,2.3012,0.113,8.77168142,19.3646018,C4.5,1.868
Aust_Credit,690,690,14,2,4,0,1.2623,0.1024,0.7713,?,1,?,1.9701,12.5538,0.9912,2.3012,0.113,8.77168142,19.3646018,CART,1.090
Aust_Credit,690,690,14,2,4,0,1.2623,0.1024,0.7713,?,1,?,1.9701,12.5538,0.9912,2.3012,0.113,8.77168142,19.3646018,Cal5,0.000
Aust_Credit,690,690,14,2,4,0,1.2623,0.1024,0.7713,?,1,?,1.9701,12.5538,0.9912,2.3012,0.113,8.77168142,19.3646018,Cascade,67.655
Aust_Credit,690,690,14,2,4,0,1.2623,0.1024,0.7713,?,1,?,1.9701,12.5538,0.9912,2.3012,0.113,8.77168142,19.3646018,Castle,1.324
Aust_Credit,690,690,14,2,4,0,1.2623,0.1024,0.7713,?,1,?,1.9701,12.5538,0.9912,2.3012,0.113,8.77168142,19.3646018,Cn2,5.683
Aust_Credit,690,690,14,2,4,0,1.2623,0.1024,0.7713,?,1,?,1.9701,12.5538,0.9912,2.3012,0.113,8.77168142,19.3646018,Default,24.057
Aust_Credit,690,690,14,2,4,0,1.2623,0.1024,0.7713,?,1,?,1.9701,12.5538,0.9912,2.3012,0.113,8.77168142,19.3646018,Dipol92,0.779
Aust_Credit,690,690,14,2,4,0,1.2623,0.1024,0.7713,?,1,?,1.9701,12.5538,0.9912,2.3012,0.113,8.77168142,19.3646018,Discrim,0.779
Aust_Credit,690,690,14,2,4,0,1.2623,0.1024,0.7713,?,1,?,1.9701,12.5538,0.9912,2.3012,0.113,8.77168142,19.3646018,ITrule,0.467
Aust_Credit,690,690,14,2,4,0,1.2623,0.1024,0.7713,?,1,?,1.9701,12.5538,0.9912,2.3012,0.113,8.77168142,19.3646018,IndCART,1.635
Aust_Credit,690,690,14,2,4,0,1.2623,0.1024,0.7713,?,1,?,1.9701,12.5538,0.9912,2.3012,0.113,8.77168142,19.3646018,KNN,3.893
Aust_Credit,690,690,14,2,4,0,1.2623,0.1024,0.7713,?,1,?,1.9701,12.5538,0.9912,2.3012,0.113,8.77168142,19.3646018,Kohonen,67.655
Aust_Credit,690,690,14,2,4,0,1.2623,0.1024,0.7713,?,1,?,1.9701,12.5538,0.9912,2.3012,0.113,8.77168142,19.3646018,LVQ,5.138
Aust_Credit,690,690,14,2,4,0,1.2623,0.1024,0.7713,?,1,?,1.9701,12.5538,0.9912,2.3012,0.113,8.77168142,19.3646018,LogDisc,0.779
Aust_Credit,690,690,14,2,4,0,1.2623,0.1024,0.7713,?,1,?,1.9701,12.5538,0.9912,2.3012,0.113,8.77168142,19.3646018,NewId,3.893
Aust_Credit,690,690,14,2,4,0,1.2623,0.1024,0.7713,?,1,?,1.9701,12.5538,0.9912,2.3012,0.113,8.77168142,19.3646018,QuaDisc,5.917
Aust_Credit,690,690,14,2,4,0,1.2623,0.1024,0.7713,?,1,?,1.9701,12.5538,0.9912,2.3012,0.113,8.77168142,19.3646018,RBF,1.090
Aust_Credit,690,690,14,2,4,0,1.2623,0.1024,0.7713,?,1,?,1.9701,12.5538,0.9912,2.3012,0.113,8.77168142,19.3646018,Smart,2.102
BT,16000,20000,7,2,0,0,1.0975,0.1146,0.6109,?,1,?,6.1012,93.1399,0.2893,2.7416,0.0495,5.84444444,54.3858586,Ac2,9.035
BT,16000,20000,7,2,0,0,1.0975,0.1146,0.6109,?,1,?,6.1012,93.1399,0.2893,2.7416,0.0495,5.84444444,54.3858586,Alloc80,9.939
BT,16000,20000,7,2,0,0,1.0975,0.1146,0.6109,?,1,?,6.1012,93.1399,0.2893,2.7416,0.0495,5.84444444,54.3858586,BackProp,2.711
BT,16000,20000,7,2,0,0,1.0975,0.1146,0.6109,?,1,?,6.1012,93.1399,0.2893,2.7416,0.0495,5.84444444,54.3858586,Bayes,20.781
BT,16000,20000,7,2,0,0,1.0975,0.1146,0.6109,?,1,?,6.1012,93.1399,0.2893,2.7416,0.0495,5.84444444,54.3858586,BayesTree,7.228
BT,16000,20000,7,2,0,0,1.0975,0.1146,0.6109,?,1,?,6.1012,93.1399,0.2893,2.7416,0.0495,5.84444444,54.3858586,C4.5,1.807
BT,16000,20000,7,2,0,0,1.0975,0.1146,0.6109,?,1,?,6.1012,93.1399,0.2893,2.7416,0.0495,5.84444444,54.3858586,CART,885.438
BT,16000,20000,7,2,0,0,1.0975,0.1146,0.6109,?,1,?,6.1012,93.1399,0.2893,2.7416,0.0495,5.84444444,54.3858586,Cal5,2.711
BT,16000,20000,7,2,0,0,1.0975,0.1146,0.6109,?,1,?,6.1012,93.1399,0.2893,2.7416,0.0495,5.84444444,54.3858586,Cascade,885.438
BT,16000,20000,7,2,0,0,1.0975,0.1146,0.6109,?,1,?,6.1012,93.1399,0.2893,2.7416,0.0495,5.84444444,54.3858586,Castle,24.395
BT,16000,20000,7,2,0,0,1.0975,0.1146,0.6109,?,1,?,6.1012,93.1399,0.2893,2.7416,0.0495,5.84444444,54.3858586,Cn2,10.842
BT,16000,20000,7,2,0,0,1.0975,0.1146,0.6109,?,1,?,6.1012,93.1399,0.2893,2.7416,0.0495,5.84444444,54.3858586,Default,27.105
BT,16000,20000,7,2,0,0,1.0975,0.1146,0.6109,?,1,?,6.1012,93.1399,0.2893,2.7416,0.0495,5.84444444,54.3858586,Dipol92,0.000
BT,16000,20000,7,2,0,0,1.0975,0.1146,0.6109,?,1,?,6.1012,93.1399,0.2893,2.7416,0.0495,5.84444444,54.3858586,Discrim,11.746
BT,16000,20000,7,2,0,0,1.0975,0.1146,0.6109,?,1,?,6.1012,93.1399,0.2893,2.7416,0.0495,5.84444444,54.3858586,ITrule,23.491
BT,16000,20000,7,2,0,0,1.0975,0.1146,0.6109,?,1,?,6.1012,93.1399,0.2893,2.7416,0.0495,5.84444444,54.3858586,IndCART,4.518
BT,16000,20000,7,2,0,0,1.0975,0.1146,0.6109,?,1,?,6.1012,93.1399,0.2893,2.7416,0.0495,5.84444444,54.3858586,KNN,9.939
BT,16000,20000,7,2,0,0,1.0975,0.1146,0.6109,?,1,?,6.1012,93.1399,0.2893,2.7416,0.0495,5.84444444,54.3858586,Kohonen,20.781
BT,16000,20000,7,2,0,0,1.0975,0.1146,0.6109,?,1,?,6.1012,93.1399,0.2893,2.7416,0.0495,5.84444444,54.3858586,LVQ,18.070
BT,16000,20000,7,2,0,0,1.0975,0.1146,0.6109,?,1,?,6.1012,93.1399,0.2893,2.7416,0.0495,5.84444444,54.3858586,LogDisc,9.035
BT,16000,20000,7,2,0,0,1.0975,0.1146,0.6109,?,1,?,6.1012,93.1399,0.2893,2.7416,0.0495,5.84444444,54.3858586,NewId,11.746
BT,16000,20000,7,2,0,0,1.0975,0.1146,0.6109,?,1,?,6.1012,93.1399,0.2893,2.7416,0.0495,5.84444444,54.3858586,QuaDisc,27.105
BT,16000,20000,7,2,0,0,1.0975,0.1146,0.6109,?,1,?,6.1012,93.1399,0.2893,2.7416,0.0495,5.84444444,54.3858586,RBF,9.939
BT,16000,20000,7,2,0,0,1.0975,0.1146,0.6109,?,1,?,6.1012,93.1399,0.2893,2.7416,0.0495,5.84444444,54.3858586,Smart,0.000
Belgian,1250,2500,28,2,0,0,1.5124,0.3503,0.8869,?,1,?,0.4334,2.6581,0.9453,5.4853,0.3172,2.98013871,16.2928752,Ac2,12.819
Belgian,1250,2500,28,2,0,0,1.5124,0.3503,0.8869,?,1,?,0.4334,2.6581,0.9453,5.4853,0.3172,2.98013871,16.2928752,Alloc80,17.397
Belgian,1250,2500,28,2,0,0,1.5124,0.3503,0.8869,?,1,?,0.4334,2.6581,0.9453,5.4853,0.3172,2.98013871,16.2928752,BackProp,5.036
Belgian,1250,2500,28,2,0,0,1.5124,0.3503,0.8869,?,1,?,0.4334,2.6581,0.9453,5.4853,0.3172,2.98013871,16.2928752,Bayes,25.637
Belgian,1250,2500,28,2,0,0,1.5124,0.3503,0.8869,?,1,?,0.4334,2.6581,0.9453,5.4853,0.3172,2.98013871,16.2928752,BayesTree,10.987
Belgian,1250,2500,28,2,0,0,1.5124,0.3503,0.8869,?,1,?,0.4334,2.6581,0.9453,5.4853,0.3172,2.98013871,16.2928752,C4.5,15.566
Belgian,1250,2500,28,2,0,0,1.5124,0.3503,0.8869,?,1,?,0.4334,2.6581,0.9453,5.4853,0.3172,2.98013871,16.2928752,CART,12.819
Belgian,1250,2500,28,2,0,0,1.5124,0.3503,0.8869,?,1,?,0.4334,2.6581,0.9453,5.4853,0.3172,2.98013871,16.2928752,Cal5,10.530
Belgian,1250,2500,28,2,0,0,1.5124,0.3503,0.8869,?,1,?,0.4334,2.6581,0.9453,5.4853,0.3172,2.98013871,16.2928752,Cascade,455.064
Belgian,1250,2500,28,2,0,0,1.5124,0.3503,0.8869,?,1,?,0.4334,2.6581,0.9453,5.4853,0.3172,2.98013871,16.2928752,Castle,18.770
Belgian,1250,2500,28,2,0,0,1.5124,0.3503,0.8869,?,1,?,0.4334,2.6581,0.9453,5.4853,0.3172,2.98013871,16.2928752,Cn2,11.903
Belgian,1250,2500,28,2,0,0,1.5124,0.3503,0.8869,?,1,?,0.4334,2.6581,0.9453,5.4853,0.3172,2.98013871,16.2928752,Default,162.981
Belgian,1250,2500,28,2,0,0,1.5124,0.3503,0.8869,?,1,?,0.4334,2.6581,0.9453,5.4853,0.3172,2.98013871,16.2928752,Dipol92,5.494
Belgian,1250,2500,28,2,0,0,1.5124,0.3503,0.8869,?,1,?,0.4334,2.6581,0.9453,5.4853,0.3172,2.98013871,16.2928752,Discrim,8.698
Belgian,1250,2500,28,2,0,0,1.5124,0.3503,0.8869,?,1,?,0.4334,2.6581,0.9453,5.4853,0.3172,2.98013871,16.2928752,ITrule,27.011
Belgian,1250,2500,28,2,0,0,1.5124,0.3503,0.8869,?,1,?,0.4334,2.6581,0.9453,5.4853,0.3172,2.98013871,16.2928752,IndCART,12.819
Belgian,1250,2500,28,2,0,0,1.5124,0.3503,0.8869,?,1,?,0.4334,2.6581,0.9453,5.4853,0.3172,2.98013871,16.2928752,KNN,24.264
Belgian,1250,2500,28,2,0,0,1.5124,0.3503,0.8869,?,1,?,0.4334,2.6581,0.9453,5.4853,0.3172,2.98013871,16.2928752,Kohonen,22.891
Belgian,1250,2500,28,2,0,0,1.5124,0.3503,0.8869,?,1,?,0.4334,2.6581,0.9453,5.4853,0.3172,2.98013871,16.2928752,LVQ,21.975
Belgian,1250,2500,28,2,0,0,1.5124,0.3503,0.8869,?,1,?,0.4334,2.6581,0.9453,5.4853,0.3172,2.98013871,16.2928752,LogDisc,0.458
Belgian,1250,2500,28,2,0,0,1.5124,0.3503,0.8869,?,1,?,0.4334,2.6581,0.9453,5.4853,0.3172,2.98013871,16.2928752,NewId,9.614
Belgian,1250,2500,28,2,0,0,1.5124,0.3503,0.8869,?,1,?,0.4334,2.6581,0.9453,5.4853,0.3172,2.98013871,16.2928752,QuaDisc,21.059
Belgian,1250,2500,28,2,0,0,1.5124,0.3503,0.8869,?,1,?,0.4334,2.6581,0.9453,5.4853,0.3172,2.98013871,16.2928752,RBF,12.819
Belgian,1250,2500,28,2,0,0,1.5124,0.3503,0.8869,?,1,?,0.4334,2.6581,0.9453,5.4853,0.3172,2.98013871,16.2928752,Smart,0.000
CUT,7480,18700,20,2,0,0,1.032,0.2178,0.55,?,1,?,0.9012,3.5214,0.3256,4.6908,0.0292,160.643836,159.643836,Ac2,13.840
CUT,7480,18700,20,2,0,0,1.032,0.2178,0.55,?,1,?,0.9012,3.5214,0.3256,4.6908,0.0292,160.643836,159.643836,Alloc80,1.432
CUT,7480,18700,20,2,0,0,1.032,0.2178,0.55,?,1,?,0.9012,3.5214,0.3256,4.6908,0.0292,160.643836,159.643836,BackProp,4.295
CUT,7480,18700,20,2,0,0,1.032,0.2178,0.55,?,1,?,0.9012,3.5214,0.3256,4.6908,0.0292,160.643836,159.643836,Bayes,20.521
CUT,7480,18700,20,2,0,0,1.032,0.2178,0.55,?,1,?,0.9012,3.5214,0.3256,4.6908,0.0292,160.643836,159.643836,BayesTree,0.000
CUT,7480,18700,20,2,0,0,1.032,0.2178,0.55,?,1,?,0.9012,3.5214,0.3256,4.6908,0.0292,160.643836,159.643836,C4.5,0.954
CUT,7480,18700,20,2,0,0,1.032,0.2178,0.55,?,1,?,0.9012,3.5214,0.3256,4.6908,0.0292,160.643836,159.643836,CART,460.999
CUT,7480,18700,20,2,0,0,1.032,0.2178,0.55,?,1,?,0.9012,3.5214,0.3256,4.6908,0.0292,160.643836,159.643836,Cal5,5.249
CUT,7480,18700,20,2,0,0,1.032,0.2178,0.55,?,1,?,0.9012,3.5214,0.3256,4.6908,0.0292,160.643836,159.643836,Cascade,460.999
CUT,7480,18700,20,2,0,0,1.032,0.2178,0.55,?,1,?,0.9012,3.5214,0.3256,4.6908,0.0292,160.643836,159.643836,Castle,12.885
CUT,7480,18700,20,2,0,0,1.032,0.2178,0.55,?,1,?,0.9012,3.5214,0.3256,4.6908,0.0292,160.643836,159.643836,Cn2,3.818
CUT,7480,18700,20,2,0,0,1.032,0.2178,0.55,?,1,?,0.9012,3.5214,0.3256,4.6908,0.0292,160.643836,159.643836,Default,12.408
CUT,7480,18700,20,2,0,0,1.032,0.2178,0.55,?,1,?,0.9012,3.5214,0.3256,4.6908,0.0292,160.643836,159.643836,Dipol92,5.249
CUT,7480,18700,20,2,0,0,1.032,0.2178,0.55,?,1,?,0.9012,3.5214,0.3256,4.6908,0.0292,160.643836,159.643836,Discrim,7.636
CUT,7480,18700,20,2,0,0,1.032,0.2178,0.55,?,1,?,0.9012,3.5214,0.3256,4.6908,0.0292,160.643836,159.643836,ITrule,22.907
CUT,7480,18700,20,2,0,0,1.032,0.2178,0.55,?,1,?,0.9012,3.5214,0.3256,4.6908,0.0292,160.643836,159.643836,IndCART,2.863
CUT,7480,18700,20,2,0,0,1.032,0.2178,0.55,?,1,?,0.9012,3.5214,0.3256,4.6908,0.0292,160.643836,159.643836,KNN,0.954
CUT,7480,18700,20,2,0,0,1.032,0.2178,0.55,?,1,?,0.9012,3.5214,0.3256,4.6908,0.0292,160.643836,159.643836,Kohonen,7.636
CUT,7480,18700,20,2,0,0,1.032,0.2178,0.55,?,1,?,0.9012,3.5214,0.3256,4.6908,0.0292,160.643836,159.643836,LVQ,3.341
CUT,7480,18700,20,2,0,0,1.032,0.2178,0.55,?,1,?,0.9012,3.5214,0.3256,4.6908,0.0292,160.643836,159.643836,LogDisc,5.727
CUT,7480,18700,20,2,0,0,1.032,0.2178,0.55,?,1,?,0.9012,3.5214,0.3256,4.6908,0.0292,160.643836,159.643836,NewId,2.386
CUT,7480,18700,20,2,0,0,1.032,0.2178,0.55,?,1,?,0.9012,3.5214,0.3256,4.6908,0.0292,160.643836,159.643836,QuaDisc,25.770
CUT,7480,18700,20,2,0,0,1.032,0.2178,0.55,?,1,?,0.9012,3.5214,0.3256,4.6908,0.0292,160.643836,159.643836,RBF,4.772
CUT,7480,18700,20,2,0,0,1.032,0.2178,0.55,?,1,?,0.9012,3.5214,0.3256,4.6908,0.0292,160.643836,159.643836,Smart,6.204
Chromosone,20000,40000,16,24,0,0,1.3218,0.1885,0.9884,0.9191,0.1505,0.2807,0.42,4.4024,4.5603,5.6411,1.3149,3.46817248,3.29013613,Ac2,76.475
Chromosone,20000,40000,16,24,0,0,1.3218,0.1885,0.9884,0.9191,0.1505,0.2807,0.42,4.4024,4.5603,5.6411,1.3149,3.46817248,3.29013613,Alloc80,86.162
Chromosone,20000,40000,16,24,0,0,1.3218,0.1885,0.9884,0.9191,0.1505,0.2807,0.42,4.4024,4.5603,5.6411,1.3149,3.46817248,3.29013613,BackProp,467.007
Chromosone,20000,40000,16,24,0,0,1.3218,0.1885,0.9884,0.9191,0.1505,0.2807,0.42,4.4024,4.5603,5.6411,1.3149,3.46817248,3.29013613,Bayes,122.360
Chromosone,20000,40000,16,24,0,0,1.3218,0.1885,0.9884,0.9191,0.1505,0.2807,0.42,4.4024,4.5603,5.6411,1.3149,3.46817248,3.29013613,BayesTree,40.787
Chromosone,20000,40000,16,24,0,0,1.3218,0.1885,0.9884,0.9191,0.1505,0.2807,0.42,4.4024,4.5603,5.6411,1.3149,3.46817248,3.29013613,C4.5,46.395
Chromosone,20000,40000,16,24,0,0,1.3218,0.1885,0.9884,0.9191,0.1505,0.2807,0.42,4.4024,4.5603,5.6411,1.3149,3.46817248,3.29013613,CART,467.007
Chromosone,20000,40000,16,24,0,0,1.3218,0.1885,0.9884,0.9191,0.1505,0.2807,0.42,4.4024,4.5603,5.6411,1.3149,3.46817248,3.29013613,Cal5,81.573
Chromosone,20000,40000,16,24,0,0,1.3218,0.1885,0.9884,0.9191,0.1505,0.2807,0.42,4.4024,4.5603,5.6411,1.3149,3.46817248,3.29013613,Cascade,467.007
Chromosone,20000,40000,16,24,0,0,1.3218,0.1885,0.9884,0.9191,0.1505,0.2807,0.42,4.4024,4.5603,5.6411,1.3149,3.46817248,3.29013613,Castle,47.924
Chromosone,20000,40000,16,24,0,0,1.3218,0.1885,0.9884,0.9191,0.1505,0.2807,0.42,4.4024,4.5603,5.6411,1.3149,3.46817248,3.29013613,Cn2,33.649
Chromosone,20000,40000,16,24,0,0,1.3218,0.1885,0.9884,0.9191,0.1505,0.2807,0.42,4.4024,4.5603,5.6411,1.3149,3.46817248,3.29013613,Default,446.613
Chromosone,20000,40000,16,24,0,0,1.3218,0.1885,0.9884,0.9191,0.1505,0.2807,0.42,4.4024,4.5603,5.6411,1.3149,3.46817248,3.29013613,Dipol92,3.569
Chromosone,20000,40000,16,24,0,0,1.3218,0.1885,0.9884,0.9191,0.1505,0.2807,0.42,4.4024,4.5603,5.6411,1.3149,3.46817248,3.29013613,Discrim,11.726
Chromosone,20000,40000,16,24,0,0,1.3218,0.1885,0.9884,0.9191,0.1505,0.2807,0.42,4.4024,4.5603,5.6411,1.3149,3.46817248,3.29013613,ITrule,312.527
Chromosone,20000,40000,16,24,0,0,1.3218,0.1885,0.9884,0.9191,0.1505,0.2807,0.42,4.4024,4.5603,5.6411,1.3149,3.46817248,3.29013613,IndCART,45.375
Chromosone,20000,40000,16,24,0,0,1.3218,0.1885,0.9884,0.9191,0.1505,0.2807,0.42,4.4024,4.5603,5.6411,1.3149,3.46817248,3.29013613,KNN,19.883
Chromosone,20000,40000,16,24,0,0,1.3218,0.1885,0.9884,0.9191,0.1505,0.2807,0.42,4.4024,4.5603,5.6411,1.3149,3.46817248,3.29013613,Kohonen,45.885
Chromosone,20000,40000,16,24,0,0,1.3218,0.1885,0.9884,0.9191,0.1505,0.2807,0.42,4.4024,4.5603,5.6411,1.3149,3.46817248,3.29013613,LVQ,18.864
Chromosone,20000,40000,16,24,0,0,1.3218,0.1885,0.9884,0.9191,0.1505,0.2807,0.42,4.4024,4.5603,5.6411,1.3149,3.46817248,3.29013613,LogDisc,23.962
Chromosone,20000,40000,16,24,0,0,1.3218,0.1885,0.9884,0.9191,0.1505,0.2807,0.42,4.4024,4.5603,5.6411,1.3149,3.46817248,3.29013613,NewId,46.905
Chromosone,20000,40000,16,24,0,0,1.3218,0.1885,0.9884,0.9191,0.1505,0.2807,0.42,4.4024,4.5603,5.6411,1.3149,3.46817248,3.29013613,QuaDisc,0.000
Chromosone,20000,40000,16,24,0,0,1.3218,0.1885,0.9884,0.9191,0.1505,0.2807,0.42,4.4024,4.5603,5.6411,1.3149,3.46817248,3.29013613,RBF,22.942
Chromosone,20000,40000,16,24,0,0,1.3218,0.1885,0.9884,0.9191,0.1505,0.2807,0.42,4.4024,4.5603,5.6411,1.3149,3.46817248,3.29013613,Smart,22.433
Credit,2670,8900,16,2,8,0,1.0273,0.0825,0.7618,?,1,?,1.2082,4.4046,1,1.77,0.641,1.5600624,1.76131045,Ac2,9.523
Credit,2670,8900,16,2,8,0,1.0273,0.0825,0.7618,?,1,?,1.2082,4.4046,1,1.77,0.641,1.5600624,1.76131045,Alloc80,17.142
Credit,2670,8900,16,2,8,0,1.0273,0.0825,0.7618,?,1,?,1.2082,4.4046,1,1.77,0.641,1.5600624,1.76131045,BackProp,9.714
Credit,2670,8900,16,2,8,0,1.0273,0.0825,0.7618,?,1,?,1.2082,4.4046,1,1.77,0.641,1.5600624,1.76131045,Bayes,14.475
Credit,2670,8900,16,2,8,0,1.0273,0.0825,0.7618,?,1,?,1.2082,4.4046,1,1.77,0.641,1.5600624,1.76131045,BayesTree,8.380
Credit,2670,8900,16,2,8,0,1.0273,0.0825,0.7618,?,1,?,1.2082,4.4046,1,1.77,0.641,1.5600624,1.76131045,C4.5,0.000
Credit,2670,8900,16,2,8,0,1.0273,0.0825,0.7618,?,1,?,1.2082,4.4046,1,1.77,0.641,1.5600624,1.76131045,CART,9.523
Credit,2670,8900,16,2,8,0,1.0273,0.0825,0.7618,?,1,?,1.2082,4.4046,1,1.77,0.641,1.5600624,1.76131045,Cal5,0.762
Credit,2670,8900,16,2,8,0,1.0273,0.0825,0.7618,?,1,?,1.2082,4.4046,1,1.77,0.641,1.5600624,1.76131045,Cascade,14.666
Credit,2670,8900,16,2,8,0,1.0273,0.0825,0.7618,?,1,?,1.2082,4.4046,1,1.77,0.641,1.5600624,1.76131045,Castle,7.428
Credit,2670,8900,16,2,8,0,1.0273,0.0825,0.7618,?,1,?,1.2082,4.4046,1,1.77,0.641,1.5600624,1.76131045,Cn2,10.095
Credit,2670,8900,16,2,8,0,1.0273,0.0825,0.7618,?,1,?,1.2082,4.4046,1,1.77,0.641,1.5600624,1.76131045,Default,79.805
Credit,2670,8900,16,2,8,0,1.0273,0.0825,0.7618,?,1,?,1.2082,4.4046,1,1.77,0.641,1.5600624,1.76131045,Dipol92,9.333
Credit,2670,8900,16,2,8,0,1.0273,0.0825,0.7618,?,1,?,1.2082,4.4046,1,1.77,0.641,1.5600624,1.76131045,Discrim,9.523
Credit,2670,8900,16,2,8,0,1.0273,0.0825,0.7618,?,1,?,1.2082,4.4046,1,1.77,0.641,1.5600624,1.76131045,ITrule,16.761
Credit,2670,8900,16,2,8,0,1.0273,0.0825,0.7618,?,1,?,1.2082,4.4046,1,1.77,0.641,1.5600624,1.76131045,IndCART,0.000
Credit,2670,8900,16,2,8,0,1.0273,0.0825,0.7618,?,1,?,1.2082,4.4046,1,1.77,0.641,1.5600624,1.76131045,KNN,21.713
Credit,2670,8900,16,2,8,0,1.0273,0.0825,0.7618,?,1,?,1.2082,4.4046,1,1.77,0.641,1.5600624,1.76131045,Kohonen,20.951
Credit,2670,8900,16,2,8,0,1.0273,0.0825,0.7618,?,1,?,1.2082,4.4046,1,1.77,0.641,1.5600624,1.76131045,LVQ,16.190
Credit,2670,8900,16,2,8,0,1.0273,0.0825,0.7618,?,1,?,1.2082,4.4046,1,1.77,0.641,1.5600624,1.76131045,LogDisc,9.714
Credit,2670,8900,16,2,8,0,1.0273,0.0825,0.7618,?,1,?,1.2082,4.4046,1,1.77,0.641,1.5600624,1.76131045,NewId,9.523
Credit,2670,8900,16,2,8,0,1.0273,0.0825,0.7618,?,1,?,1.2082,4.4046,1,1.77,0.641,1.5600624,1.76131045,QuaDisc,11.428
Credit,2670,8900,16,2,8,0,1.0273,0.0825,0.7618,?,1,?,1.2082,4.4046,1,1.77,0.641,1.5600624,1.76131045,RBF,9.523
Credit,2670,8900,16,2,8,0,1.0273,0.0825,0.7618,?,1,?,1.2082,4.4046,1,1.77,0.641,1.5600624,1.76131045,Smart,5.524
DNA,1186,3186,180,3,0,0,1.5407,0.0456,0.8729,0.83,0.5252,1,2.5582,29.5674,1.4725,0.8072,0.0218,67.5458716,36.0275229,Ac2,10.247
DNA,1186,3186,180,3,0,0,1.5407,0.0456,0.8729,0.83,0.5252,1,2.5582,29.5674,1.4725,0.8072,0.0218,67.5458716,36.0275229,Alloc80,2.779
DNA,1186,3186,180,3,0,0,1.5407,0.0456,0.8729,0.83,0.5252,1,2.5582,29.5674,1.4725,0.8072,0.0218,67.5458716,36.0275229,BackProp,8.163
DNA,1186,3186,180,3,0,0,1.5407,0.0456,0.8729,0.83,0.5252,1,2.5582,29.5674,1.4725,0.8072,0.0218,67.5458716,36.0275229,Bayes,4.689
DNA,1186,3186,180,3,0,0,1.5407,0.0456,0.8729,0.83,0.5252,1,2.5582,29.5674,1.4725,0.8072,0.0218,67.5458716,36.0275229,BayesTree,9.379
DNA,1186,3186,180,3,0,0,1.5407,0.0456,0.8729,0.83,0.5252,1,2.5582,29.5674,1.4725,0.8072,0.0218,67.5458716,36.0275229,C4.5,6.079
DNA,1186,3186,180,3,0,0,1.5407,0.0456,0.8729,0.83,0.5252,1,2.5582,29.5674,1.4725,0.8072,0.0218,67.5458716,36.0275229,CART,7.642
DNA,1186,3186,180,3,0,0,1.5407,0.0456,0.8729,0.83,0.5252,1,2.5582,29.5674,1.4725,0.8072,0.0218,67.5458716,36.0275229,Cal5,15.631
DNA,1186,3186,180,3,0,0,1.5407,0.0456,0.8729,0.83,0.5252,1,2.5582,29.5674,1.4725,0.8072,0.0218,67.5458716,36.0275229,Cascade,166.556
DNA,1186,3186,180,3,0,0,1.5407,0.0456,0.8729,0.83,0.5252,1,2.5582,29.5674,1.4725,0.8072,0.0218,67.5458716,36.0275229,Castle,5.384
DNA,1186,3186,180,3,0,0,1.5407,0.0456,0.8729,0.83,0.5252,1,2.5582,29.5674,1.4725,0.8072,0.0218,67.5458716,36.0275229,Cn2,9.379
DNA,1186,3186,180,3,0,0,1.5407,0.0456,0.8729,0.83,0.5252,1,2.5582,29.5674,1.4725,0.8072,0.0218,67.5458716,36.0275229,Default,76.244
DNA,1186,3186,180,3,0,0,1.5407,0.0456,0.8729,0.83,0.5252,1,2.5582,29.5674,1.4725,0.8072,0.0218,67.5458716,36.0275229,Dipol92,1.216
DNA,1186,3186,180,3,0,0,1.5407,0.0456,0.8729,0.83,0.5252,1,2.5582,29.5674,1.4725,0.8072,0.0218,67.5458716,36.0275229,Discrim,3.126
DNA,1186,3186,180,3,0,0,1.5407,0.0456,0.8729,0.83,0.5252,1,2.5582,29.5674,1.4725,0.8072,0.0218,67.5458716,36.0275229,ITrule,16.326
DNA,1186,3186,180,3,0,0,1.5407,0.0456,0.8729,0.83,0.5252,1,2.5582,29.5674,1.4725,0.8072,0.0218,67.5458716,36.0275229,IndCART,5.558
DNA,1186,3186,180,3,0,0,1.5407,0.0456,0.8729,0.83,0.5252,1,2.5582,29.5674,1.4725,0.8072,0.0218,67.5458716,36.0275229,KNN,19.799
DNA,1186,3186,180,3,0,0,1.5407,0.0456,0.8729,0.83,0.5252,1,2.5582,29.5674,1.4725,0.8072,0.0218,67.5458716,36.0275229,Kohonen,51.756
DNA,1186,3186,180,3,0,0,1.5407,0.0456,0.8729,0.83,0.5252,1,2.5582,29.5674,1.4725,0.8072,0.0218,67.5458716,36.0275229,LVQ,166.556
DNA,1186,3186,180,3,0,0,1.5407,0.0456,0.8729,0.83,0.5252,1,2.5582,29.5674,1.4725,0.8072,0.0218,67.5458716,36.0275229,LogDisc,3.474
DNA,1186,3186,180,3,0,0,1.5407,0.0456,0.8729,0.83,0.5252,1,2.5582,29.5674,1.4725,0.8072,0.0218,67.5458716,36.0275229,NewId,10.247
DNA,1186,3186,180,3,0,0,1.5407,0.0456,0.8729,0.83,0.5252,1,2.5582,29.5674,1.4725,0.8072,0.0218,67.5458716,36.0275229,QuaDisc,3.126
DNA,1186,3186,180,3,0,0,1.5407,0.0456,0.8729,0.83,0.5252,1,2.5582,29.5674,1.4725,0.8072,0.0218,67.5458716,36.0275229,RBF,0.000
DNA,1186,3186,180,3,0,0,1.5407,0.0456,0.8729,0.83,0.5252,1,2.5582,29.5674,1.4725,0.8072,0.0218,67.5458716,36.0275229,Smart,17.368
Diabetes,768,768,8,2,0,0,1.0377,0.1439,0.5507,?,1,?,1.0586,5.827,0.9331,4.5301,0.112,8.33125,39.4473214,Ac2,3.529
Diabetes,768,768,8,2,0,0,1.0377,0.1439,0.5507,?,1,?,1.0586,5.827,0.9331,4.5301,0.112,8.33125,39.4473214,Alloc80,5.193
Diabetes,768,768,8,2,0,0,1.0377,0.1439,0.5507,?,1,?,1.0586,5.827,0.9331,4.5301,0.112,8.33125,39.4473214,BackProp,1.664
Diabetes,768,768,8,2,0,0,1.0377,0.1439,0.5507,?,1,?,1.0586,5.827,0.9331,4.5301,0.112,8.33125,39.4473214,Bayes,2.596
Diabetes,768,768,8,2,0,0,1.0377,0.1439,0.5507,?,1,?,1.0586,5.827,0.9331,4.5301,0.112,8.33125,39.4473214,BayesTree,3.196
Diabetes,768,768,8,2,0,0,1.0377,0.1439,0.5507,?,1,?,1.0586,5.827,0.9331,4.5301,0.112,8.33125,39.4473214,C4.5,3.129
Diabetes,768,768,8,2,0,0,1.0377,0.1439,0.5507,?,1,?,1.0586,5.827,0.9331,4.5301,0.112,8.33125,39.4473214,CART,2.130
Diabetes,768,768,8,2,0,0,1.0377,0.1439,0.5507,?,1,?,1.0586,5.827,0.9331,4.5301,0.112,8.33125,39.4473214,Cal5,1.798
Diabetes,768,768,8,2,0,0,1.0377,0.1439,0.5507,?,1,?,1.0586,5.827,0.9331,4.5301,0.112,8.33125,39.4473214,Cascade,51.730
Diabetes,768,768,8,2,0,0,1.0377,0.1439,0.5507,?,1,?,1.0586,5.827,0.9331,4.5301,0.112,8.33125,39.4473214,Castle,2.330
Diabetes,768,768,8,2,0,0,1.0377,0.1439,0.5507,?,1,?,1.0586,5.827,0.9331,4.5301,0.112,8.33125,39.4473214,Cn2,4.394
Diabetes,768,768,8,2,0,0,1.0377,0.1439,0.5507,?,1,?,1.0586,5.827,0.9331,4.5301,0.112,8.33125,39.4473214,Default,8.455
Diabetes,768,768,8,2,0,0,1.0377,0.1439,0.5507,?,1,?,1.0586,5.827,0.9331,4.5301,0.112,8.33125,39.4473214,Dipol92,0.067
Diabetes,768,768,8,2,0,0,1.0377,0.1439,0.5507,?,1,?,1.0586,5.827,0.9331,4.5301,0.112,8.33125,39.4473214,Discrim,0.133
Diabetes,768,768,8,2,0,0,1.0377,0.1439,0.5507,?,1,?,1.0586,5.827,0.9331,4.5301,0.112,8.33125,39.4473214,ITrule,1.465
Diabetes,768,768,8,2,0,0,1.0377,0.1439,0.5507,?,1,?,1.0586,5.827,0.9331,4.5301,0.112,8.33125,39.4473214,IndCART,3.196
Diabetes,768,768,8,2,0,0,1.0377,0.1439,0.5507,?,1,?,1.0586,5.827,0.9331,4.5301,0.112,8.33125,39.4473214,KNN,6.724
Diabetes,768,768,8,2,0,0,1.0377,0.1439,0.5507,?,1,?,1.0586,5.827,0.9331,4.5301,0.112,8.33125,39.4473214,Kohonen,3.329
Diabetes,768,768,8,2,0,0,1.0377,0.1439,0.5507,?,1,?,1.0586,5.827,0.9331,4.5301,0.112,8.33125,39.4473214,LVQ,3.262
Diabetes,768,768,8,2,0,0,1.0377,0.1439,0.5507,?,1,?,1.0586,5.827,0.9331,4.5301,0.112,8.33125,39.4473214,LogDisc,0.000
Diabetes,768,768,8,2,0,0,1.0377,0.1439,0.5507,?,1,?,1.0586,5.827,0.9331,4.5301,0.112,8.33125,39.4473214,NewId,4.394
Diabetes,768,768,8,2,0,0,1.0377,0.1439,0.5507,?,1,?,1.0586,5.827,0.9331,4.5301,0.112,8.33125,39.4473214,QuaDisc,2.596
Diabetes,768,768,8,2,0,0,1.0377,0.1439,0.5507,?,1,?,1.0586,5.827,0.9331,4.5301,0.112,8.33125,39.4473214,RBF,1.332
Diabetes,768,768,8,2,0,0,1.0377,0.1439,0.5507,?,1,?,1.0586,5.827,0.9331,4.5301,0.112,8.33125,39.4473214,Smart,0.599
Digits,9000,18000,16,10,0,0,1.5673,0.2119,0.8929,0.8902,0.2031,0.4049,0.8562,5.1256,3.3219,6.5452,0.5049,6.57932264,11.9633591,Ac2,48.412
Digits,9000,18000,16,10,0,0,1.5673,0.2119,0.8929,0.8902,0.2031,0.4049,0.8562,5.1256,3.3219,6.5452,0.5049,6.57932264,11.9633591,Alloc80,9.413
Digits,9000,18000,16,10,0,0,1.5673,0.2119,0.8929,0.8902,0.2031,0.4049,0.8562,5.1256,3.3219,6.5452,0.5049,6.57932264,11.9633591,BackProp,14.792
Digits,9000,18000,16,10,0,0,1.5673,0.2119,0.8929,0.8902,0.2031,0.4049,0.8562,5.1256,3.3219,6.5452,0.5049,6.57932264,11.9633591,Bayes,83.376
Digits,9000,18000,16,10,0,0,1.5673,0.2119,0.8929,0.8902,0.2031,0.4049,0.8562,5.1256,3.3219,6.5452,0.5049,6.57932264,11.9633591,BayesTree,41.688
Digits,9000,18000,16,10,0,0,1.5673,0.2119,0.8929,0.8902,0.2031,0.4049,0.8562,5.1256,3.3219,6.5452,0.5049,6.57932264,11.9633591,C4.5,45.722
Digits,9000,18000,16,10,0,0,1.5673,0.2119,0.8929,0.8902,0.2031,0.4049,0.8562,5.1256,3.3219,6.5452,0.5049,6.57932264,11.9633591,CART,50.653
Digits,9000,18000,16,10,0,0,1.5673,0.2119,0.8929,0.8902,0.2031,0.4049,0.8562,5.1256,3.3219,6.5452,0.5049,6.57932264,11.9633591,Cal5,77.548
Digits,9000,18000,16,10,0,0,1.5673,0.2119,0.8929,0.8902,0.2031,0.4049,0.8562,5.1256,3.3219,6.5452,0.5049,6.57932264,11.9633591,Cascade,8.069
Digits,9000,18000,16,10,0,0,1.5673,0.2119,0.8929,0.8902,0.2031,0.4049,0.8562,5.1256,3.3219,6.5452,0.5049,6.57932264,11.9633591,Castle,55.135
Digits,9000,18000,16,10,0,0,1.5673,0.2119,0.8929,0.8902,0.2031,0.4049,0.8562,5.1256,3.3219,6.5452,0.5049,6.57932264,11.9633591,Cn2,38.998
Digits,9000,18000,16,10,0,0,1.5673,0.2119,0.8929,0.8902,0.2031,0.4049,0.8562,5.1256,3.3219,6.5452,0.5049,6.57932264,11.9633591,Default,382.362
Digits,9000,18000,16,10,0,0,1.5673,0.2119,0.8929,0.8902,0.2031,0.4049,0.8562,5.1256,3.3219,6.5452,0.5049,6.57932264,11.9633591,Dipol92,11.206
Digits,9000,18000,16,10,0,0,1.5673,0.2119,0.8929,0.8902,0.2031,0.4049,0.8562,5.1256,3.3219,6.5452,0.5049,6.57932264,11.9633591,Discrim,30.033
Digits,9000,18000,16,10,0,0,1.5673,0.2119,0.8929,0.8902,0.2031,0.4049,0.8562,5.1256,3.3219,6.5452,0.5049,6.57932264,11.9633591,ITrule,78.445
Digits,9000,18000,16,10,0,0,1.5673,0.2119,0.8929,0.8902,0.2031,0.4049,0.8562,5.1256,3.3219,6.5452,0.5049,6.57932264,11.9633591,IndCART,47.963
Digits,9000,18000,16,10,0,0,1.5673,0.2119,0.8929,0.8902,0.2031,0.4049,0.8562,5.1256,3.3219,6.5452,0.5049,6.57932264,11.9633591,KNN,0.000
Digits,9000,18000,16,10,0,0,1.5673,0.2119,0.8929,0.8902,0.2031,0.4049,0.8562,5.1256,3.3219,6.5452,0.5049,6.57932264,11.9633591,Kohonen,12.551
Digits,9000,18000,16,10,0,0,1.5673,0.2119,0.8929,0.8902,0.2031,0.4049,0.8562,5.1256,3.3219,6.5452,0.5049,6.57932264,11.9633591,LVQ,6.276
Digits,9000,18000,16,10,0,0,1.5673,0.2119,0.8929,0.8902,0.2031,0.4049,0.8562,5.1256,3.3219,6.5452,0.5049,6.57932264,11.9633591,LogDisc,17.482
Digits,9000,18000,16,10,0,0,1.5673,0.2119,0.8929,0.8902,0.2031,0.4049,0.8562,5.1256,3.3219,6.5452,0.5049,6.57932264,11.9633591,NewId,46.170
Digits,9000,18000,16,10,0,0,1.5673,0.2119,0.8929,0.8902,0.2031,0.4049,0.8562,5.1256,3.3219,6.5452,0.5049,6.57932264,11.9633591,QuaDisc,3.138
Digits,9000,18000,16,10,0,0,1.5673,0.2119,0.8929,0.8902,0.2031,0.4049,0.8562,5.1256,3.3219,6.5452,0.5049,6.57932264,11.9633591,RBF,16.137
Digits,9000,18000,16,10,0,0,1.5673,0.2119,0.8929,0.8902,0.2031,0.4049,0.8562,5.1256,3.3219,6.5452,0.5049,6.57932264,11.9633591,Smart,25.551
Faults,570,570,45,3,43,0,1.191,0.751,0.8842,0.3002,0.8966,1,1.8972,0.9866,1.5749,0.8717,0.0366,43.0300546,22.8169399,Ac2,0.000
Faults,570,570,45,3,43,0,1.191,0.751,0.8842,0.3002,0.8966,1,1.8972,0.9866,1.5749,0.8717,0.0366,43.0300546,22.8169399,Alloc80,10.391
Faults,570,570,45,3,43,0,1.191,0.751,0.8842,0.3002,0.8966,1,1.8972,0.9866,1.5749,0.8717,0.0366,43.0300546,22.8169399,BackProp,3.401
Faults,570,570,45,3,43,0,1.191,0.751,0.8842,0.3002,0.8966,1,1.8972,0.9866,1.5749,0.8717,0.0366,43.0300546,22.8169399,Bayes,6.298
Faults,570,570,45,3,43,0,1.191,0.751,0.8842,0.3002,0.8966,1,1.8972,0.9866,1.5749,0.8717,0.0366,43.0300546,22.8169399,BayesTree,6.864
Faults,570,570,45,3,43,0,1.191,0.751,0.8842,0.3002,0.8966,1,1.8972,0.9866,1.5749,0.8717,0.0366,43.0300546,22.8169399,C4.5,8.250
Faults,570,570,45,3,43,0,1.191,0.751,0.8842,0.3002,0.8966,1,1.8972,0.9866,1.5749,0.8717,0.0366,43.0300546,22.8169399,CART,9.068
Faults,570,570,45,3,43,0,1.191,0.751,0.8842,0.3002,0.8966,1,1.8972,0.9866,1.5749,0.8717,0.0366,43.0300546,22.8169399,Cal5,7.746
Faults,570,570,45,3,43,0,1.191,0.751,0.8842,0.3002,0.8966,1,1.8972,0.9866,1.5749,0.8717,0.0366,43.0300546,22.8169399,Cascade,52.018
Faults,570,570,45,3,43,0,1.191,0.751,0.8842,0.3002,0.8966,1,1.8972,0.9866,1.5749,0.8717,0.0366,43.0300546,22.8169399,Castle,9.068
Faults,570,570,45,3,43,0,1.191,0.751,0.8842,0.3002,0.8966,1,1.8972,0.9866,1.5749,0.8717,0.0366,43.0300546,22.8169399,Cn2,11.336
Faults,570,570,45,3,43,0,1.191,0.751,0.8842,0.3002,0.8966,1,1.8972,0.9866,1.5749,0.8717,0.0366,43.0300546,22.8169399,Default,27.457
Faults,570,570,45,3,43,0,1.191,0.751,0.8842,0.3002,0.8966,1,1.8972,0.9866,1.5749,0.8717,0.0366,43.0300546,22.8169399,Dipol92,1.071
Faults,570,570,45,3,43,0,1.191,0.751,0.8842,0.3002,0.8966,1,1.8972,0.9866,1.5749,0.8717,0.0366,43.0300546,22.8169399,Discrim,1.889
Faults,570,570,45,3,43,0,1.191,0.751,0.8842,0.3002,0.8966,1,1.8972,0.9866,1.5749,0.8717,0.0366,43.0300546,22.8169399,ITrule,9.824
Faults,570,570,45,3,43,0,1.191,0.751,0.8842,0.3002,0.8966,1,1.8972,0.9866,1.5749,0.8717,0.0366,43.0300546,22.8169399,IndCART,10.139
Faults,570,570,45,3,43,0,1.191,0.751,0.8842,0.3002,0.8966,1,1.8972,0.9866,1.5749,0.8717,0.0366,43.0300546,22.8169399,KNN,12.658
Faults,570,570,45,3,43,0,1.191,0.751,0.8842,0.3002,0.8966,1,1.8972,0.9866,1.5749,0.8717,0.0366,43.0300546,22.8169399,Kohonen,18.767
Faults,570,570,45,3,43,0,1.191,0.751,0.8842,0.3002,0.8966,1,1.8972,0.9866,1.5749,0.8717,0.0366,43.0300546,22.8169399,LVQ,17.003
Faults,570,570,45,3,43,0,1.191,0.751,0.8842,0.3002,0.8966,1,1.8972,0.9866,1.5749,0.8717,0.0366,43.0300546,22.8169399,LogDisc,2.960
Faults,570,570,45,3,43,0,1.191,0.751,0.8842,0.3002,0.8966,1,1.8972,0.9866,1.5749,0.8717,0.0366,43.0300546,22.8169399,NewId,8.187
Faults,570,570,45,3,43,0,1.191,0.751,0.8842,0.3002,0.8966,1,1.8972,0.9866,1.5749,0.8717,0.0366,43.0300546,22.8169399,QuaDisc,7.494
Faults,570,570,45,3,43,0,1.191,0.751,0.8842,0.3002,0.8966,1,1.8972,0.9866,1.5749,0.8717,0.0366,43.0300546,22.8169399,RBF,9.194
Faults,570,570,45,3,43,0,1.191,0.751,0.8842,0.3002,0.8966,1,1.8972,0.9866,1.5749,0.8717,0.0366,43.0300546,22.8169399,Smart,10.391
German_Credit,1000,1000,24,2,9,1,1.0369,0.0848,0.5044,?,1,?,1.6986,7.7943,0.8813,1.5031,0.0187,47.1283422,79.3796791,Ac2,10.489
German_Credit,1000,1000,24,2,9,1,1.0369,0.0848,0.5044,?,1,?,1.6986,7.7943,0.8813,1.5031,0.0187,47.1283422,79.3796791,Alloc80,1.498
German_Credit,1000,1000,24,2,9,1,1.0369,0.0848,0.5044,?,1,?,1.6986,7.7943,0.8813,1.5031,0.0187,47.1283422,79.3796791,BackProp,7.248
German_Credit,1000,1000,24,2,9,1,1.0369,0.0848,0.5044,?,1,?,1.6986,7.7943,0.8813,1.5031,0.0187,47.1283422,79.3796791,Bayes,5.138
German_Credit,1000,1000,24,2,9,1,1.0369,0.0848,0.5044,?,1,?,1.6986,7.7943,0.8813,1.5031,0.0187,47.1283422,79.3796791,BayesTree,7.431
German_Credit,1000,1000,24,2,9,1,1.0369,0.0848,0.5044,?,1,?,1.6986,7.7943,0.8813,1.5031,0.0187,47.1283422,79.3796791,C4.5,13.761
German_Credit,1000,1000,24,2,9,1,1.0369,0.0848,0.5044,?,1,?,1.6986,7.7943,0.8813,1.5031,0.0187,47.1283422,79.3796791,CART,2.385
German_Credit,1000,1000,24,2,9,1,1.0369,0.0848,0.5044,?,1,?,1.6986,7.7943,0.8813,1.5031,0.0187,47.1283422,79.3796791,Cal5,2.080
German_Credit,1000,1000,24,2,9,1,1.0369,0.0848,0.5044,?,1,?,1.6986,7.7943,0.8813,1.5031,0.0187,47.1283422,79.3796791,Cascade,3041.743
German_Credit,1000,1000,24,2,9,1,1.0369,0.0848,0.5044,?,1,?,1.6986,7.7943,0.8813,1.5031,0.0187,47.1283422,79.3796791,Castle,1.468
German_Credit,1000,1000,24,2,9,1,1.0369,0.0848,0.5044,?,1,?,1.6986,7.7943,0.8813,1.5031,0.0187,47.1283422,79.3796791,Cn2,9.817
German_Credit,1000,1000,24,2,9,1,1.0369,0.0848,0.5044,?,1,?,1.6986,7.7943,0.8813,1.5031,0.0187,47.1283422,79.3796791,Default,5.046
German_Credit,1000,1000,24,2,9,1,1.0369,0.0848,0.5044,?,1,?,1.6986,7.7943,0.8813,1.5031,0.0187,47.1283422,79.3796791,Dipol92,1.957
German_Credit,1000,1000,24,2,9,1,1.0369,0.0848,0.5044,?,1,?,1.6986,7.7943,0.8813,1.5031,0.0187,47.1283422,79.3796791,Discrim,0.000
German_Credit,1000,1000,24,2,9,1,1.0369,0.0848,0.5044,?,1,?,1.6986,7.7943,0.8813,1.5031,0.0187,47.1283422,79.3796791,ITrule,10.520
German_Credit,1000,1000,24,2,9,1,1.0369,0.0848,0.5044,?,1,?,1.6986,7.7943,0.8813,1.5031,0.0187,47.1283422,79.3796791,IndCART,6.911
German_Credit,1000,1000,24,2,9,1,1.0369,0.0848,0.5044,?,1,?,1.6986,7.7943,0.8813,1.5031,0.0187,47.1283422,79.3796791,KNN,4.862
German_Credit,1000,1000,24,2,9,1,1.0369,0.0848,0.5044,?,1,?,1.6986,7.7943,0.8813,1.5031,0.0187,47.1283422,79.3796791,Kohonen,19.113
German_Credit,1000,1000,24,2,9,1,1.0369,0.0848,0.5044,?,1,?,1.6986,7.7943,0.8813,1.5031,0.0187,47.1283422,79.3796791,LVQ,13.089
German_Credit,1000,1000,24,2,9,1,1.0369,0.0848,0.5044,?,1,?,1.6986,7.7943,0.8813,1.5031,0.0187,47.1283422,79.3796791,LogDisc,0.092
German_Credit,1000,1000,24,2,9,1,1.0369,0.0848,0.5044,?,1,?,1.6986,7.7943,0.8813,1.5031,0.0187,47.1283422,79.3796791,NewId,11.927
German_Credit,1000,1000,24,2,9,1,1.0369,0.0848,0.5044,?,1,?,1.6986,7.7943,0.8813,1.5031,0.0187,47.1283422,79.3796791,QuaDisc,2.569
German_Credit,1000,1000,24,2,9,1,1.0369,0.0848,0.5044,?,1,?,1.6986,7.7943,0.8813,1.5031,0.0187,47.1283422,79.3796791,RBF,13.333
German_Credit,1000,1000,24,2,9,1,1.0369,0.0848,0.5044,?,1,?,1.6986,7.7943,0.8813,1.5031,0.0187,47.1283422,79.3796791,Smart,2.018
Head,900,900,6,3,1,1,1.1231,0.1217,0.7176,0.1057,0.9787,1,1.0071,5.0408,1.3574,1.9786,0.1929,7.03680664,9.25712805,Ac2,28.780
Head,900,900,6,3,1,1,1.1231,0.1217,0.7176,0.1057,0.9787,1,1.0071,5.0408,1.3574,1.9786,0.1929,7.03680664,9.25712805,Alloc80,10.311
Head,900,900,6,3,1,1,1.1231,0.1217,0.7176,0.1057,0.9787,1,1.0071,5.0408,1.3574,1.9786,0.1929,7.03680664,9.25712805,BackProp,2.641
Head,900,900,6,3,1,1,1.1231,0.1217,0.7176,0.1057,0.9787,1,1.0071,5.0408,1.3574,1.9786,0.1929,7.03680664,9.25712805,Bayes,4.430
Head,900,900,6,3,1,1,1.1231,0.1217,0.7176,0.1057,0.9787,1,1.0071,5.0408,1.3574,1.9786,0.1929,7.03680664,9.25712805,BayesTree,3.499
Head,900,900,6,3,1,1,1.1231,0.1217,0.7176,0.1057,0.9787,1,1.0071,5.0408,1.3574,1.9786,0.1929,7.03680664,9.25712805,C4.5,47.811
Head,900,900,6,3,1,1,1.1231,0.1217,0.7176,0.1057,0.9787,1,1.0071,5.0408,1.3574,1.9786,0.1929,7.03680664,9.25712805,CART,1.790
Head,900,900,6,3,1,1,1.1231,0.1217,0.7176,0.1057,0.9787,1,1.0071,5.0408,1.3574,1.9786,0.1929,7.03680664,9.25712805,Cal5,11.317
Head,900,900,6,3,1,1,1.1231,0.1217,0.7176,0.1057,0.9787,1,1.0071,5.0408,1.3574,1.9786,0.1929,7.03680664,9.25712805,Cascade,1.139
Head,900,900,6,3,1,1,1.1231,0.1217,0.7176,0.1057,0.9787,1,1.0071,5.0408,1.3574,1.9786,0.1929,7.03680664,9.25712805,Castle,2.152
Head,900,900,6,3,1,1,1.1231,0.1217,0.7176,0.1057,0.9787,1,1.0071,5.0408,1.3574,1.9786,0.1929,7.03680664,9.25712805,Cn2,26.324
Head,900,900,6,3,1,1,1.1231,0.1217,0.7176,0.1057,0.9787,1,1.0071,5.0408,1.3574,1.9786,0.1929,7.03680664,9.25712805,Default,19.334
Head,900,900,6,3,1,1,1.1231,0.1217,0.7176,0.1057,0.9787,1,1.0071,5.0408,1.3574,1.9786,0.1929,7.03680664,9.25712805,Dipol92,6.331
Head,900,900,6,3,1,1,1.1231,0.1217,0.7176,0.1057,0.9787,1,1.0071,5.0408,1.3574,1.9786,0.1929,7.03680664,9.25712805,Discrim,1.428
Head,900,900,6,3,1,1,1.1231,0.1217,0.7176,0.1057,0.9787,1,1.0071,5.0408,1.3574,1.9786,0.1929,7.03680664,9.25712805,ITrule,14.534
Head,900,900,6,3,1,1,1.1231,0.1217,0.7176,0.1057,0.9787,1,1.0071,5.0408,1.3574,1.9786,0.1929,7.03680664,9.25712805,IndCART,5.592
Head,900,900,6,3,1,1,1.1231,0.1217,0.7176,0.1057,0.9787,1,1.0071,5.0408,1.3574,1.9786,0.1929,7.03680664,9.25712805,KNN,12.825
Head,900,900,6,3,1,1,1.1231,0.1217,0.7176,0.1057,0.9787,1,1.0071,5.0408,1.3574,1.9786,0.1929,7.03680664,9.25712805,Kohonen,60.680
Head,900,900,6,3,1,1,1.1231,0.1217,0.7176,0.1057,0.9787,1,1.0071,5.0408,1.3574,1.9786,0.1929,7.03680664,9.25712805,LVQ,21.169
Head,900,900,6,3,1,1,1.1231,0.1217,0.7176,0.1057,0.9787,1,1.0071,5.0408,1.3574,1.9786,0.1929,7.03680664,9.25712805,LogDisc,0.000
Head,900,900,6,3,1,1,1.1231,0.1217,0.7176,0.1057,0.9787,1,1.0071,5.0408,1.3574,1.9786,0.1929,7.03680664,9.25712805,NewId,26.391
Head,900,900,6,3,1,1,1.1231,0.1217,0.7176,0.1057,0.9787,1,1.0071,5.0408,1.3574,1.9786,0.1929,7.03680664,9.25712805,QuaDisc,1.553
Head,900,900,6,3,1,1,1.1231,0.1217,0.7176,0.1057,0.9787,1,1.0071,5.0408,1.3574,1.9786,0.1929,7.03680664,9.25712805,RBF,33.388
Head,900,900,6,3,1,1,1.1231,0.1217,0.7176,0.1057,0.9787,1,1.0071,5.0408,1.3574,1.9786,0.1929,7.03680664,9.25712805,Smart,2.848
Heart,270,270,13,2,5,1,1.0612,0.1236,0.7384,?,1,?,0.956,3.6494,0.9902,1.6386,0.0876,11.303653,17.7054795,Ac2,5.378
Heart,270,270,13,2,5,1,1.0612,0.1236,0.7384,?,1,?,0.956,3.6494,0.9902,1.6386,0.0876,11.303653,17.7054795,Alloc80,0.480
Heart,270,270,13,2,5,1,1.0612,0.1236,0.7384,?,1,?,0.956,3.6494,0.9902,1.6386,0.0876,11.303653,17.7054795,BackProp,2.907
Heart,270,270,13,2,5,1,1.0612,0.1236,0.7384,?,1,?,0.956,3.6494,0.9902,1.6386,0.0876,11.303653,17.7054795,Bayes,0.000
Heart,270,270,13,2,5,1,1.0612,0.1236,0.7384,?,1,?,0.956,3.6494,0.9902,1.6386,0.0876,11.303653,17.7054795,BayesTree,2.209
Heart,270,270,13,2,5,1,1.0612,0.1236,0.7384,?,1,?,0.956,3.6494,0.9902,1.6386,0.0876,11.303653,17.7054795,C4.5,5.916
Heart,270,270,13,2,5,1,1.0612,0.1236,0.7384,?,1,?,0.956,3.6494,0.9902,1.6386,0.0876,11.303653,17.7054795,CART,1.134
Heart,270,270,13,2,5,1,1.0612,0.1236,0.7384,?,1,?,0.956,3.6494,0.9902,1.6386,0.0876,11.303653,17.7054795,Cal5,1.017
Heart,270,270,13,2,5,1,1.0612,0.1236,0.7384,?,1,?,0.956,3.6494,0.9902,1.6386,0.0876,11.303653,17.7054795,Cascade,1.352
Heart,270,270,13,2,5,1,1.0612,0.1236,0.7384,?,1,?,0.956,3.6494,0.9902,1.6386,0.0876,11.303653,17.7054795,Castle,0.974
Heart,270,270,13,2,5,1,1.0612,0.1236,0.7384,?,1,?,0.956,3.6494,0.9902,1.6386,0.0876,11.303653,17.7054795,Cn2,5.712
Heart,270,270,13,2,5,1,1.0612,0.1236,0.7384,?,1,?,0.956,3.6494,0.9902,1.6386,0.0876,11.303653,17.7054795,Default,2.703
Heart,270,270,13,2,5,1,1.0612,0.1236,0.7384,?,1,?,0.956,3.6494,0.9902,1.6386,0.0876,11.303653,17.7054795,Dipol92,1.933
Heart,270,270,13,2,5,1,1.0612,0.1236,0.7384,?,1,?,0.956,3.6494,0.9902,1.6386,0.0876,11.303653,17.7054795,Discrim,0.276
Heart,270,270,13,2,5,1,1.0612,0.1236,0.7384,?,1,?,0.956,3.6494,0.9902,1.6386,0.0876,11.303653,17.7054795,ITrule,2.049
Heart,270,270,13,2,5,1,1.0612,0.1236,0.7384,?,1,?,0.956,3.6494,0.9902,1.6386,0.0876,11.303653,17.7054795,IndCART,3.721
Heart,270,270,13,2,5,1,1.0612,0.1236,0.7384,?,1,?,0.956,3.6494,0.9902,1.6386,0.0876,11.303653,17.7054795,KNN,1.512
Heart,270,270,13,2,5,1,1.0612,0.1236,0.7384,?,1,?,0.956,3.6494,0.9902,1.6386,0.0876,11.303653,17.7054795,Kohonen,4.637
Heart,270,270,13,2,5,1,1.0612,0.1236,0.7384,?,1,?,0.956,3.6494,0.9902,1.6386,0.0876,11.303653,17.7054795,LVQ,3.285
Heart,270,270,13,2,5,1,1.0612,0.1236,0.7384,?,1,?,0.956,3.6494,0.9902,1.6386,0.0876,11.303653,17.7054795,LogDisc,0.320
Heart,270,270,13,2,5,1,1.0612,0.1236,0.7384,?,1,?,0.956,3.6494,0.9902,1.6386,0.0876,11.303653,17.7054795,NewId,6.831
Heart,270,270,13,2,5,1,1.0612,0.1236,0.7384,?,1,?,0.956,3.6494,0.9902,1.6386,0.0876,11.303653,17.7054795,QuaDisc,0.698
Heart,270,270,13,2,5,1,1.0612,0.1236,0.7384,?,1,?,0.956,3.6494,0.9902,1.6386,0.0876,11.303653,17.7054795,RBF,5.916
Heart,270,270,13,2,5,1,1.0612,0.1236,0.7384,?,1,?,0.956,3.6494,0.9902,1.6386,0.0876,11.303653,17.7054795,Smart,1.512
KlDigits,9000,18000,40,10,0,0,1.9657,0.1093,0.9207,0.9056,0.172,0.3385,0.1802,2.92,3.3219,5.5903,0.2029,16.3721045,26.5519961,Ac2,100.289
KlDigits,9000,18000,40,10,0,0,1.9657,0.1093,0.9207,0.9056,0.172,0.3385,0.1802,2.92,3.3219,5.5903,0.2029,16.3721045,26.5519961,Alloc80,2.711
KlDigits,9000,18000,40,10,0,0,1.9657,0.1093,0.9207,0.9056,0.172,0.3385,0.1802,2.92,3.3219,5.5903,0.2029,16.3721045,26.5519961,BackProp,19.651
KlDigits,9000,18000,40,10,0,0,1.9657,0.1093,0.9207,0.9056,0.172,0.3385,0.1802,2.92,3.3219,5.5903,0.2029,16.3721045,26.5519961,Bayes,137.559
KlDigits,9000,18000,40,10,0,0,1.9657,0.1093,0.9207,0.9056,0.172,0.3385,0.1802,2.92,3.3219,5.5903,0.2029,16.3721045,26.5519961,BayesTree,96.901
KlDigits,9000,18000,40,10,0,0,1.9657,0.1093,0.9207,0.9056,0.172,0.3385,0.1802,2.92,3.3219,5.5903,0.2029,16.3721045,26.5519961,C4.5,108.421
KlDigits,9000,18000,40,10,0,0,1.9657,0.1093,0.9207,0.9056,0.172,0.3385,0.1802,2.92,3.3219,5.5903,0.2029,16.3721045,26.5519961,CART,664.078
KlDigits,9000,18000,40,10,0,0,1.9657,0.1093,0.9207,0.9056,0.172,0.3385,0.1802,2.92,3.3219,5.5903,0.2029,16.3721045,26.5519961,Cal5,169.408
KlDigits,9000,18000,40,10,0,0,1.9657,0.1093,0.9207,0.9056,0.172,0.3385,0.1802,2.92,3.3219,5.5903,0.2029,16.3721045,26.5519961,Cascade,37.270
KlDigits,9000,18000,40,10,0,0,1.9657,0.1093,0.9207,0.9056,0.172,0.3385,0.1802,2.92,3.3219,5.5903,0.2029,16.3721045,26.5519961,Castle,77.928
KlDigits,9000,18000,40,10,0,0,1.9657,0.1093,0.9207,0.9056,0.172,0.3385,0.1802,2.92,3.3219,5.5903,0.2029,16.3721045,26.5519961,Cn2,108.421
KlDigits,9000,18000,40,10,0,0,1.9657,0.1093,0.9207,0.9056,0.172,0.3385,0.1802,2.92,3.3219,5.5903,0.2029,16.3721045,26.5519961,Default,596.315
KlDigits,9000,18000,40,10,0,0,1.9657,0.1093,0.9207,0.9056,0.172,0.3385,0.1802,2.92,3.3219,5.5903,0.2029,16.3721045,26.5519961,Dipol92,12.875
KlDigits,9000,18000,40,10,0,0,1.9657,0.1093,0.9207,0.9056,0.172,0.3385,0.1802,2.92,3.3219,5.5903,0.2029,16.3721045,26.5519961,Discrim,37.270
KlDigits,9000,18000,40,10,0,0,1.9657,0.1093,0.9207,0.9056,0.172,0.3385,0.1802,2.92,3.3219,5.5903,0.2029,16.3721045,26.5519961,ITrule,132.816
KlDigits,9000,18000,40,10,0,0,1.9657,0.1093,0.9207,0.9056,0.172,0.3385,0.1802,2.92,3.3219,5.5903,0.2029,16.3721045,26.5519961,IndCART,101.645
KlDigits,9000,18000,40,10,0,0,1.9657,0.1093,0.9207,0.9056,0.172,0.3385,0.1802,2.92,3.3219,5.5903,0.2029,16.3721045,26.5519961,KNN,0.000
KlDigits,9000,18000,40,10,0,0,1.9657,0.1093,0.9207,0.9056,0.172,0.3385,0.1802,2.92,3.3219,5.5903,0.2029,16.3721045,26.5519961,Kohonen,664.078
KlDigits,9000,18000,40,10,0,0,1.9657,0.1093,0.9207,0.9056,0.172,0.3385,0.1802,2.92,3.3219,5.5903,0.2029,16.3721045,26.5519961,LVQ,4.066
KlDigits,9000,18000,40,10,0,0,1.9657,0.1093,0.9207,0.9056,0.172,0.3385,0.1802,2.92,3.3219,5.5903,0.2029,16.3721045,26.5519961,LogDisc,21.007
KlDigits,9000,18000,40,10,0,0,1.9657,0.1093,0.9207,0.9056,0.172,0.3385,0.1802,2.92,3.3219,5.5903,0.2029,16.3721045,26.5519961,NewId,96.224
KlDigits,9000,18000,40,10,0,0,1.9657,0.1093,0.9207,0.9056,0.172,0.3385,0.1802,2.92,3.3219,5.5903,0.2029,16.3721045,26.5519961,QuaDisc,3.388
KlDigits,9000,18000,40,10,0,0,1.9657,0.1093,0.9207,0.9056,0.172,0.3385,0.1802,2.92,3.3219,5.5903,0.2029,16.3721045,26.5519961,RBF,23.717
KlDigits,9000,18000,40,10,0,0,1.9657,0.1093,0.9207,0.9056,0.172,0.3385,0.1802,2.92,3.3219,5.5903,0.2029,16.3721045,26.5519961,Smart,25.072
Letters,5000,20000,16,26,0,0,1.8795,0.2577,0.8896,0.8489,0.168,0.321,0.5698,3.5385,4.6996,3.094,0.5189,9.05685103,4.96261322,Ac2,52.292
Letters,5000,20000,16,26,0,0,1.8795,0.2577,0.8896,0.8489,0.168,0.321,0.5698,3.5385,4.6996,3.094,0.5189,9.05685103,4.96261322,Alloc80,0.000
Letters,5000,20000,16,26,0,0,1.8795,0.2577,0.8896,0.8489,0.168,0.321,0.5698,3.5385,4.6996,3.094,0.5189,9.05685103,4.96261322,BackProp,75.982
Letters,5000,20000,16,26,0,0,1.8795,0.2577,0.8896,0.8489,0.168,0.321,0.5698,3.5385,4.6996,3.094,0.5189,9.05685103,4.96261322,Bayes,134.341
Letters,5000,20000,16,26,0,0,1.8795,0.2577,0.8896,0.8489,0.168,0.321,0.5698,3.5385,4.6996,3.094,0.5189,9.05685103,4.96261322,BayesTree,17.334
Letters,5000,20000,16,26,0,0,1.8795,0.2577,0.8896,0.8489,0.168,0.321,0.5698,3.5385,4.6996,3.094,0.5189,9.05685103,4.96261322,C4.5,19.646
Letters,5000,20000,16,26,0,0,1.8795,0.2577,0.8896,0.8489,0.168,0.321,0.5698,3.5385,4.6996,3.094,0.5189,9.05685103,4.96261322,CART,270.416
Letters,5000,20000,16,26,0,0,1.8795,0.2577,0.8896,0.8489,0.168,0.321,0.5698,3.5385,4.6996,3.094,0.5189,9.05685103,4.96261322,Cal5,54.603
Letters,5000,20000,16,26,0,0,1.8795,0.2577,0.8896,0.8489,0.168,0.321,0.5698,3.5385,4.6996,3.094,0.5189,9.05685103,4.96261322,Cascade,270.416
Letters,5000,20000,16,26,0,0,1.8795,0.2577,0.8896,0.8489,0.168,0.321,0.5698,3.5385,4.6996,3.094,0.5189,9.05685103,4.96261322,Castle,52.292
Letters,5000,20000,16,26,0,0,1.8795,0.2577,0.8896,0.8489,0.168,0.321,0.5698,3.5385,4.6996,3.094,0.5189,9.05685103,4.96261322,Cn2,14.734
Letters,5000,20000,16,26,0,0,1.8795,0.2577,0.8896,0.8489,0.168,0.321,0.5698,3.5385,4.6996,3.094,0.5189,9.05685103,4.96261322,Default,258.860
Letters,5000,20000,16,26,0,0,1.8795,0.2577,0.8896,0.8489,0.168,0.321,0.5698,3.5385,4.6996,3.094,0.5189,9.05685103,4.96261322,Dipol92,32.358
Letters,5000,20000,16,26,0,0,1.8795,0.2577,0.8896,0.8489,0.168,0.321,0.5698,3.5385,4.6996,3.094,0.5189,9.05685103,4.96261322,Discrim,68.760
Letters,5000,20000,16,26,0,0,1.8795,0.2577,0.8896,0.8489,0.168,0.321,0.5698,3.5385,4.6996,3.094,0.5189,9.05685103,4.96261322,ITrule,153.120
Letters,5000,20000,16,26,0,0,1.8795,0.2577,0.8896,0.8489,0.168,0.321,0.5698,3.5385,4.6996,3.094,0.5189,9.05685103,4.96261322,IndCART,19.068
Letters,5000,20000,16,26,0,0,1.8795,0.2577,0.8896,0.8489,0.168,0.321,0.5698,3.5385,4.6996,3.094,0.5189,9.05685103,4.96261322,KNN,1.733
Letters,5000,20000,16,26,0,0,1.8795,0.2577,0.8896,0.8489,0.168,0.321,0.5698,3.5385,4.6996,3.094,0.5189,9.05685103,4.96261322,Kohonen,54.314
Letters,5000,20000,16,26,0,0,1.8795,0.2577,0.8896,0.8489,0.168,0.321,0.5698,3.5385,4.6996,3.094,0.5189,9.05685103,4.96261322,LVQ,4.334
Letters,5000,20000,16,26,0,0,1.8795,0.2577,0.8896,0.8489,0.168,0.321,0.5698,3.5385,4.6996,3.094,0.5189,9.05685103,4.96261322,LogDisc,49.114
Letters,5000,20000,16,26,0,0,1.8795,0.2577,0.8896,0.8489,0.168,0.321,0.5698,3.5385,4.6996,3.094,0.5189,9.05685103,4.96261322,NewId,18.490
Letters,5000,20000,16,26,0,0,1.8795,0.2577,0.8896,0.8489,0.168,0.321,0.5698,3.5385,4.6996,3.094,0.5189,9.05685103,4.96261322,QuaDisc,14.156
Letters,5000,20000,16,26,0,0,1.8795,0.2577,0.8896,0.8489,0.168,0.321,0.5698,3.5385,4.6996,3.094,0.5189,9.05685103,4.96261322,RBF,48.825
Letters,5000,20000,16,26,0,0,1.8795,0.2577,0.8896,0.8489,0.168,0.321,0.5698,3.5385,4.6996,3.094,0.5189,9.05685103,4.96261322,Smart,66.737
NewBelgian,1000,3000,57,2,0,0,1.0638,0.1216,0.5286,?,1,?,1.118,6.7738,0.3879,3.83,0.0421,9.21377672,89.9738717,Ac2,1.675
NewBelgian,1000,3000,57,2,0,0,1.0638,0.1216,0.5286,?,1,?,1.118,6.7738,0.3879,3.83,0.0421,9.21377672,89.9738717,Alloc80,8.933
NewBelgian,1000,3000,57,2,0,0,1.0638,0.1216,0.5286,?,1,?,1.118,6.7738,0.3879,3.83,0.0421,9.21377672,89.9738717,BackProp,2.513
NewBelgian,1000,3000,57,2,0,0,1.0638,0.1216,0.5286,?,1,?,1.118,6.7738,0.3879,3.83,0.0421,9.21377672,89.9738717,Bayes,21.217
NewBelgian,1000,3000,57,2,0,0,1.0638,0.1216,0.5286,?,1,?,1.118,6.7738,0.3879,3.83,0.0421,9.21377672,89.9738717,BayesTree,0.279
NewBelgian,1000,3000,57,2,0,0,1.0638,0.1216,0.5286,?,1,?,1.118,6.7738,0.3879,3.83,0.0421,9.21377672,89.9738717,C4.5,1.396
NewBelgian,1000,3000,57,2,0,0,1.0638,0.1216,0.5286,?,1,?,1.118,6.7738,0.3879,3.83,0.0421,9.21377672,89.9738717,CART,2.513
NewBelgian,1000,3000,57,2,0,0,1.0638,0.1216,0.5286,?,1,?,1.118,6.7738,0.3879,3.83,0.0421,9.21377672,89.9738717,Cal5,3.629
NewBelgian,1000,3000,57,2,0,0,1.0638,0.1216,0.5286,?,1,?,1.118,6.7738,0.3879,3.83,0.0421,9.21377672,89.9738717,Cascade,275.541
NewBelgian,1000,3000,57,2,0,0,1.0638,0.1216,0.5286,?,1,?,1.118,6.7738,0.3879,3.83,0.0421,9.21377672,89.9738717,Castle,14.238
NewBelgian,1000,3000,57,2,0,0,1.0638,0.1216,0.5286,?,1,?,1.118,6.7738,0.3879,3.83,0.0421,9.21377672,89.9738717,Cn2,3.350
NewBelgian,1000,3000,57,2,0,0,1.0638,0.1216,0.5286,?,1,?,1.118,6.7738,0.3879,3.83,0.0421,9.21377672,89.9738717,Default,17.029
NewBelgian,1000,3000,57,2,0,0,1.0638,0.1216,0.5286,?,1,?,1.118,6.7738,0.3879,3.83,0.0421,9.21377672,89.9738717,Dipol92,3.629
NewBelgian,1000,3000,57,2,0,0,1.0638,0.1216,0.5286,?,1,?,1.118,6.7738,0.3879,3.83,0.0421,9.21377672,89.9738717,Discrim,7.817
NewBelgian,1000,3000,57,2,0,0,1.0638,0.1216,0.5286,?,1,?,1.118,6.7738,0.3879,3.83,0.0421,9.21377672,89.9738717,ITrule,18.984
NewBelgian,1000,3000,57,2,0,0,1.0638,0.1216,0.5286,?,1,?,1.118,6.7738,0.3879,3.83,0.0421,9.21377672,89.9738717,IndCART,0.279
NewBelgian,1000,3000,57,2,0,0,1.0638,0.1216,0.5286,?,1,?,1.118,6.7738,0.3879,3.83,0.0421,9.21377672,89.9738717,KNN,10.888
NewBelgian,1000,3000,57,2,0,0,1.0638,0.1216,0.5286,?,1,?,1.118,6.7738,0.3879,3.83,0.0421,9.21377672,89.9738717,Kohonen,19.821
NewBelgian,1000,3000,57,2,0,0,1.0638,0.1216,0.5286,?,1,?,1.118,6.7738,0.3879,3.83,0.0421,9.21377672,89.9738717,LVQ,14.517
NewBelgian,1000,3000,57,2,0,0,1.0638,0.1216,0.5286,?,1,?,1.118,6.7738,0.3879,3.83,0.0421,9.21377672,89.9738717,LogDisc,4.188
NewBelgian,1000,3000,57,2,0,0,1.0638,0.1216,0.5286,?,1,?,1.118,6.7738,0.3879,3.83,0.0421,9.21377672,89.9738717,NewId,1.117
NewBelgian,1000,3000,57,2,0,0,1.0638,0.1216,0.5286,?,1,?,1.118,6.7738,0.3879,3.83,0.0421,9.21377672,89.9738717,QuaDisc,6.142
NewBelgian,1000,3000,57,2,0,0,1.0638,0.1216,0.5286,?,1,?,1.118,6.7738,0.3879,3.83,0.0421,9.21377672,89.9738717,RBF,6.142
NewBelgian,1000,3000,57,2,0,0,1.0638,0.1216,0.5286,?,1,?,1.118,6.7738,0.3879,3.83,0.0421,9.21377672,89.9738717,Smart,0.000
SatImage,2000,6435,36,6,0,0,1.297,0.5977,0.9366,0.9332,0.3586,0.7146,0.7316,4.1737,2.4734,5.5759,0.9443,2.61929472,4.9047972,Ac2,9.654
SatImage,2000,6435,36,6,0,0,1.297,0.5977,0.9366,0.9332,0.3586,0.7146,0.7316,4.1737,2.4734,5.5759,0.9443,2.61929472,4.9047972,Alloc80,5.823
SatImage,2000,6435,36,6,0,0,1.297,0.5977,0.9366,0.9332,0.3586,0.7146,0.7316,4.1737,2.4734,5.5759,0.9443,2.61929472,4.9047972,BackProp,6.896
SatImage,2000,6435,36,6,0,0,1.297,0.5977,0.9366,0.9332,0.3586,0.7146,0.7316,4.1737,2.4734,5.5759,0.9443,2.61929472,4.9047972,Bayes,29.576
SatImage,2000,6435,36,6,0,0,1.297,0.5977,0.9366,0.9332,0.3586,0.7146,0.7316,4.1737,2.4734,5.5759,0.9443,2.61929472,4.9047972,BayesTree,8.122
SatImage,2000,6435,36,6,0,0,1.297,0.5977,0.9366,0.9332,0.3586,0.7146,0.7316,4.1737,2.4734,5.5759,0.9443,2.61929472,4.9047972,C4.5,8.582
SatImage,2000,6435,36,6,0,0,1.297,0.5977,0.9366,0.9332,0.3586,0.7146,0.7316,4.1737,2.4734,5.5759,0.9443,2.61929472,4.9047972,CART,6.743
SatImage,2000,6435,36,6,0,0,1.297,0.5977,0.9366,0.9332,0.3586,0.7146,0.7316,4.1737,2.4734,5.5759,0.9443,2.61929472,4.9047972,Cal5,8.735
SatImage,2000,6435,36,6,0,0,1.297,0.5977,0.9366,0.9332,0.3586,0.7146,0.7316,4.1737,2.4734,5.5759,0.9443,2.61929472,4.9047972,Cascade,10.574
SatImage,2000,6435,36,6,0,0,1.297,0.5977,0.9366,0.9332,0.3586,0.7146,0.7316,4.1737,2.4734,5.5759,0.9443,2.61929472,4.9047972,Castle,15.325
SatImage,2000,6435,36,6,0,0,1.297,0.5977,0.9366,0.9332,0.3586,0.7146,0.7316,4.1737,2.4734,5.5759,0.9443,2.61929472,4.9047972,Cn2,8.582
SatImage,2000,6435,36,6,0,0,1.297,0.5977,0.9366,0.9332,0.3586,0.7146,0.7316,4.1737,2.4734,5.5759,0.9443,2.61929472,4.9047972,Default,102.061
SatImage,2000,6435,36,6,0,0,1.297,0.5977,0.9366,0.9332,0.3586,0.7146,0.7316,4.1737,2.4734,5.5759,0.9443,2.61929472,4.9047972,Dipol92,2.605
SatImage,2000,6435,36,6,0,0,1.297,0.5977,0.9366,0.9332,0.3586,0.7146,0.7316,4.1737,2.4734,5.5759,0.9443,2.61929472,4.9047972,Discrim,11.800
SatImage,2000,6435,36,6,0,0,1.297,0.5977,0.9366,0.9332,0.3586,0.7146,0.7316,4.1737,2.4734,5.5759,0.9443,2.61929472,4.9047972,ITrule,138.840
SatImage,2000,6435,36,6,0,0,1.297,0.5977,0.9366,0.9332,0.3586,0.7146,0.7316,4.1737,2.4734,5.5759,0.9443,2.61929472,4.9047972,IndCART,6.743
SatImage,2000,6435,36,6,0,0,1.297,0.5977,0.9366,0.9332,0.3586,0.7146,0.7316,4.1737,2.4734,5.5759,0.9443,2.61929472,4.9047972,KNN,0.000
SatImage,2000,6435,36,6,0,0,1.297,0.5977,0.9366,0.9332,0.3586,0.7146,0.7316,4.1737,2.4734,5.5759,0.9443,2.61929472,4.9047972,Kohonen,13.026
SatImage,2000,6435,36,6,0,0,1.297,0.5977,0.9366,0.9332,0.3586,0.7146,0.7316,4.1737,2.4734,5.5759,0.9443,2.61929472,4.9047972,LVQ,1.686
SatImage,2000,6435,36,6,0,0,1.297,0.5977,0.9366,0.9332,0.3586,0.7146,0.7316,4.1737,2.4734,5.5759,0.9443,2.61929472,4.9047972,LogDisc,10.574
SatImage,2000,6435,36,6,0,0,1.297,0.5977,0.9366,0.9332,0.3586,0.7146,0.7316,4.1737,2.4734,5.5759,0.9443,2.61929472,4.9047972,NewId,8.582
SatImage,2000,6435,36,6,0,0,1.297,0.5977,0.9366,0.9332,0.3586,0.7146,0.7316,4.1737,2.4734,5.5759,0.9443,2.61929472,4.9047972,QuaDisc,9.348
SatImage,2000,6435,36,6,0,0,1.297,0.5977,0.9366,0.9332,0.3586,0.7146,0.7316,4.1737,2.4734,5.5759,0.9443,2.61929472,4.9047972,RBF,4.138
SatImage,2000,6435,36,6,0,0,1.297,0.5977,0.9366,0.9332,0.3586,0.7146,0.7316,4.1737,2.4734,5.5759,0.9443,2.61929472,4.9047972,Smart,9.961
Segment,2310,2310,11,7,0,0,4.0014,0.1425,0.976,0.9623,0.3098,0.611,2.958,24.4813,2.8072,3.0787,0.6672,4.20743405,3.61435851,Ac2,0.282
Segment,2310,2310,11,7,0,0,4.0014,0.1425,0.976,0.9623,0.3098,0.611,2.958,24.4813,2.8072,3.0787,0.6672,4.20743405,3.61435851,Alloc80,0.000
Segment,2310,2310,11,7,0,0,4.0014,0.1425,0.976,0.9623,0.3098,0.611,2.958,24.4813,2.8072,3.0787,0.6672,4.20743405,3.61435851,BackProp,6.762
Segment,2310,2310,11,7,0,0,4.0014,0.1425,0.976,0.9623,0.3098,0.611,2.958,24.4813,2.8072,3.0787,0.6672,4.20743405,3.61435851,Bayes,66.211
Segment,2310,2310,11,7,0,0,4.0014,0.1425,0.976,0.9623,0.3098,0.611,2.958,24.4813,2.8072,3.0787,0.6672,4.20743405,3.61435851,BayesTree,0.845
Segment,2310,2310,11,7,0,0,4.0014,0.1425,0.976,0.9623,0.3098,0.611,2.958,24.4813,2.8072,3.0787,0.6672,4.20743405,3.61435851,C4.5,2.817
Segment,2310,2310,11,7,0,0,4.0014,0.1425,0.976,0.9623,0.3098,0.611,2.958,24.4813,2.8072,3.0787,0.6672,4.20743405,3.61435851,CART,2.817
Segment,2310,2310,11,7,0,0,4.0014,0.1425,0.976,0.9623,0.3098,0.611,2.958,24.4813,2.8072,3.0787,0.6672,4.20743405,3.61435851,Cal5,9.016
Segment,2310,2310,11,7,0,0,4.0014,0.1425,0.976,0.9623,0.3098,0.611,2.958,24.4813,2.8072,3.0787,0.6672,4.20743405,3.61435851,Cascade,273.295
Segment,2310,2310,11,7,0,0,4.0014,0.1425,0.976,0.9623,0.3098,0.611,2.958,24.4813,2.8072,3.0787,0.6672,4.20743405,3.61435851,Castle,23.103
Segment,2310,2310,11,7,0,0,4.0014,0.1425,0.976,0.9623,0.3098,0.611,2.958,24.4813,2.8072,3.0787,0.6672,4.20743405,3.61435851,Cn2,3.663
Segment,2310,2310,11,7,0,0,4.0014,0.1425,0.976,0.9623,0.3098,0.611,2.958,24.4813,2.8072,3.0787,0.6672,4.20743405,3.61435851,Default,245.120
Segment,2310,2310,11,7,0,0,4.0014,0.1425,0.976,0.9623,0.3098,0.611,2.958,24.4813,2.8072,3.0787,0.6672,4.20743405,3.61435851,Dipol92,0.282
Segment,2310,2310,11,7,0,0,4.0014,0.1425,0.976,0.9623,0.3098,0.611,2.958,24.4813,2.8072,3.0787,0.6672,4.20743405,3.61435851,Discrim,24.230
Segment,2310,2310,11,7,0,0,4.0014,0.1425,0.976,0.9623,0.3098,0.611,2.958,24.4813,2.8072,3.0787,0.6672,4.20743405,3.61435851,ITrule,119.743
Segment,2310,2310,11,7,0,0,4.0014,0.1425,0.976,0.9623,0.3098,0.611,2.958,24.4813,2.8072,3.0787,0.6672,4.20743405,3.61435851,IndCART,4.226
Segment,2310,2310,11,7,0,0,4.0014,0.1425,0.976,0.9623,0.3098,0.611,2.958,24.4813,2.8072,3.0787,0.6672,4.20743405,3.61435851,KNN,13.242
Segment,2310,2310,11,7,0,0,4.0014,0.1425,0.976,0.9623,0.3098,0.611,2.958,24.4813,2.8072,3.0787,0.6672,4.20743405,3.61435851,Kohonen,10.425
Segment,2310,2310,11,7,0,0,4.0014,0.1425,0.976,0.9623,0.3098,0.611,2.958,24.4813,2.8072,3.0787,0.6672,4.20743405,3.61435851,LVQ,4.508
Segment,2310,2310,11,7,0,0,4.0014,0.1425,0.976,0.9623,0.3098,0.611,2.958,24.4813,2.8072,3.0787,0.6672,4.20743405,3.61435851,LogDisc,22.258
Segment,2310,2310,11,7,0,0,4.0014,0.1425,0.976,0.9623,0.3098,0.611,2.958,24.4813,2.8072,3.0787,0.6672,4.20743405,3.61435851,NewId,1.127
Segment,2310,2310,11,7,0,0,4.0014,0.1425,0.976,0.9623,0.3098,0.611,2.958,24.4813,2.8072,3.0787,0.6672,4.20743405,3.61435851,QuaDisc,35.782
Segment,2310,2310,11,7,0,0,4.0014,0.1425,0.976,0.9623,0.3098,0.611,2.958,24.4813,2.8072,3.0787,0.6672,4.20743405,3.61435851,RBF,10.988
Segment,2310,2310,11,7,0,0,4.0014,0.1425,0.976,0.9623,0.3098,0.611,2.958,24.4813,2.8072,3.0787,0.6672,4.20743405,3.61435851,Smart,6.198
Shuttle,14500,58000,9,7,0,0,1.6067,0.3558,0.9668,0.6968,0.6252,0.9499,4.4371,160.3108,0.9653,3.4271,0.3348,2.88321386,9.23626045,Ac2,37.331
Shuttle,14500,58000,9,7,0,0,1.6067,0.3558,0.9668,0.6968,0.6252,0.9499,4.4371,160.3108,0.9653,3.4271,0.3348,2.88321386,9.23626045,Alloc80,98.746
Shuttle,14500,58000,9,7,0,0,1.6067,0.3558,0.9668,0.6968,0.6252,0.9499,4.4371,160.3108,0.9653,3.4271,0.3348,2.88321386,9.23626045,BackProp,50.577
Shuttle,14500,58000,9,7,0,0,1.6067,0.3558,0.9668,0.6968,0.6252,0.9499,4.4371,160.3108,0.9653,3.4271,0.3348,2.88321386,9.23626045,Bayes,540.695
Shuttle,14500,58000,9,7,0,0,1.6067,0.3558,0.9668,0.6968,0.6252,0.9499,4.4371,160.3108,0.9653,3.4271,0.3348,2.88321386,9.23626045,BayesTree,1.204
Shuttle,14500,58000,9,7,0,0,1.6067,0.3558,0.9668,0.6968,0.6252,0.9499,4.4371,160.3108,0.9653,3.4271,0.3348,2.88321386,9.23626045,C4.5,10.838
Shuttle,14500,58000,9,7,0,0,1.6067,0.3558,0.9668,0.6968,0.6252,0.9499,4.4371,160.3108,0.9653,3.4271,0.3348,2.88321386,9.23626045,CART,8.430
Shuttle,14500,58000,9,7,0,0,1.6067,0.3558,0.9668,0.6968,0.6252,0.9499,4.4371,160.3108,0.9653,3.4271,0.3348,2.88321386,9.23626045,Cal5,2.408
Shuttle,14500,58000,9,7,0,0,1.6067,0.3558,0.9668,0.6968,0.6252,0.9499,4.4371,160.3108,0.9653,3.4271,0.3348,2.88321386,9.23626045,Cascade,12040.992
Shuttle,14500,58000,9,7,0,0,1.6067,0.3558,0.9668,0.6968,0.6252,0.9499,4.4371,160.3108,0.9653,3.4271,0.3348,2.88321386,9.23626045,Castle,456.399
Shuttle,14500,58000,9,7,0,0,1.6067,0.3558,0.9668,0.6968,0.6252,0.9499,4.4371,160.3108,0.9653,3.4271,0.3348,2.88321386,9.23626045,Cn2,2.408
Shuttle,14500,58000,9,7,0,0,1.6067,0.3558,0.9668,0.6968,0.6252,0.9499,4.4371,160.3108,0.9653,3.4271,0.3348,2.88321386,9.23626045,Default,2575.826
Shuttle,14500,58000,9,7,0,0,1.6067,0.3558,0.9668,0.6968,0.6252,0.9499,4.4371,160.3108,0.9653,3.4271,0.3348,2.88321386,9.23626045,Dipol92,56.598
Shuttle,14500,58000,9,7,0,0,1.6067,0.3558,0.9668,0.6968,0.6252,0.9499,4.4371,160.3108,0.9653,3.4271,0.3348,2.88321386,9.23626045,Discrim,580.434
Shuttle,14500,58000,9,7,0,0,1.6067,0.3558,0.9668,0.6968,0.6252,0.9499,4.4371,160.3108,0.9653,3.4271,0.3348,2.88321386,9.23626045,ITrule,48.169
Shuttle,14500,58000,9,7,0,0,1.6067,0.3558,0.9668,0.6968,0.6252,0.9499,4.4371,160.3108,0.9653,3.4271,0.3348,2.88321386,9.23626045,IndCART,9.634
Shuttle,14500,58000,9,7,0,0,1.6067,0.3558,0.9668,0.6968,0.6252,0.9499,4.4371,160.3108,0.9653,3.4271,0.3348,2.88321386,9.23626045,KNN,51.781
Shuttle,14500,58000,9,7,0,0,1.6067,0.3558,0.9668,0.6968,0.6252,0.9499,4.4371,160.3108,0.9653,3.4271,0.3348,2.88321386,9.23626045,Kohonen,12040.992
Shuttle,14500,58000,9,7,0,0,1.6067,0.3558,0.9668,0.6968,0.6252,0.9499,4.4371,160.3108,0.9653,3.4271,0.3348,2.88321386,9.23626045,LVQ,51.781
Shuttle,14500,58000,9,7,0,0,1.6067,0.3558,0.9668,0.6968,0.6252,0.9499,4.4371,160.3108,0.9653,3.4271,0.3348,2.88321386,9.23626045,LogDisc,460.012
Shuttle,14500,58000,9,7,0,0,1.6067,0.3558,0.9668,0.6968,0.6252,0.9499,4.4371,160.3108,0.9653,3.4271,0.3348,2.88321386,9.23626045,NewId,0.000
Shuttle,14500,58000,9,7,0,0,1.6067,0.3558,0.9668,0.6968,0.6252,0.9499,4.4371,160.3108,0.9653,3.4271,0.3348,2.88321386,9.23626045,QuaDisc,808.031
Shuttle,14500,58000,9,7,0,0,1.6067,0.3558,0.9668,0.6968,0.6252,0.9499,4.4371,160.3108,0.9653,3.4271,0.3348,2.88321386,9.23626045,RBF,167.387
Shuttle,14500,58000,9,7,0,0,1.6067,0.3558,0.9668,0.6968,0.6252,0.9499,4.4371,160.3108,0.9653,3.4271,0.3348,2.88321386,9.23626045,Smart,69.845
Technical,2580,7078,56,91,0,0,2.2442,?,0.9165,0.6818,0.5575,0.866,6.7156,108.2963,4.8787,0.3672,0.1815,26.8798898,1.0231405,Ac2,2.130
Technical,2580,7078,56,91,0,0,2.2442,?,0.9165,0.6818,0.5575,0.866,6.7156,108.2963,4.8787,0.3672,0.1815,26.8798898,1.0231405,Alloc80,161.514
Technical,2580,7078,56,91,0,0,2.2442,?,0.9165,0.6818,0.5575,0.866,6.7156,108.2963,4.8787,0.3672,0.1815,26.8798898,1.0231405,BackProp,161.514
Technical,2580,7078,56,91,0,0,2.2442,?,0.9165,0.6818,0.5575,0.866,6.7156,108.2963,4.8787,0.3672,0.1815,26.8798898,1.0231405,Bayes,46.857
Technical,2580,7078,56,91,0,0,2.2442,?,0.9165,0.6818,0.5575,0.866,6.7156,108.2963,4.8787,0.3672,0.1815,26.8798898,1.0231405,BayesTree,14.909
Technical,2580,7078,56,91,0,0,2.2442,?,0.9165,0.6818,0.5575,0.866,6.7156,108.2963,4.8787,0.3672,0.1815,26.8798898,1.0231405,C4.5,5.325
Technical,2580,7078,56,91,0,0,2.2442,?,0.9165,0.6818,0.5575,0.866,6.7156,108.2963,4.8787,0.3672,0.1815,26.8798898,1.0231405,CART,161.514
Technical,2580,7078,56,91,0,0,2.2442,?,0.9165,0.6818,0.5575,0.866,6.7156,108.2963,4.8787,0.3672,0.1815,26.8798898,1.0231405,Cal5,16.506
Technical,2580,7078,56,91,0,0,2.2442,?,0.9165,0.6818,0.5575,0.866,6.7156,108.2963,4.8787,0.3672,0.1815,26.8798898,1.0231405,Cascade,161.514
Technical,2580,7078,56,91,0,0,2.2442,?,0.9165,0.6818,0.5575,0.866,6.7156,108.2963,4.8787,0.3672,0.1815,26.8798898,1.0231405,Castle,161.514
Technical,2580,7078,56,91,0,0,2.2442,?,0.9165,0.6818,0.5575,0.866,6.7156,108.2963,4.8787,0.3672,0.1815,26.8798898,1.0231405,Cn2,5.857
Technical,2580,7078,56,91,0,0,2.2442,?,0.9165,0.6818,0.5575,0.866,6.7156,108.2963,4.8787,0.3672,0.1815,26.8798898,1.0231405,Default,120.692
Technical,2580,7078,56,91,0,0,2.2442,?,0.9165,0.6818,0.5575,0.866,6.7156,108.2963,4.8787,0.3672,0.1815,26.8798898,1.0231405,Dipol92,18.104
Technical,2580,7078,56,91,0,0,2.2442,?,0.9165,0.6818,0.5575,0.866,6.7156,108.2963,4.8787,0.3672,0.1815,26.8798898,1.0231405,Discrim,53.424
Technical,2580,7078,56,91,0,0,2.2442,?,0.9165,0.6818,0.5575,0.866,6.7156,108.2963,4.8787,0.3672,0.1815,26.8798898,1.0231405,ITrule,161.514
Technical,2580,7078,56,91,0,0,2.2442,?,0.9165,0.6818,0.5575,0.866,6.7156,108.2963,4.8787,0.3672,0.1815,26.8798898,1.0231405,IndCART,0.887
Technical,2580,7078,56,91,0,0,2.2442,?,0.9165,0.6818,0.5575,0.866,6.7156,108.2963,4.8787,0.3672,0.1815,26.8798898,1.0231405,KNN,20.234
Technical,2580,7078,56,91,0,0,2.2442,?,0.9165,0.6818,0.5575,0.866,6.7156,108.2963,4.8787,0.3672,0.1815,26.8798898,1.0231405,Kohonen,47.389
Technical,2580,7078,56,91,0,0,2.2442,?,0.9165,0.6818,0.5575,0.866,6.7156,108.2963,4.8787,0.3672,0.1815,26.8798898,1.0231405,LVQ,30.350
Technical,2580,7078,56,91,0,0,2.2442,?,0.9165,0.6818,0.5575,0.866,6.7156,108.2963,4.8787,0.3672,0.1815,26.8798898,1.0231405,LogDisc,55.199
Technical,2580,7078,56,91,0,0,2.2442,?,0.9165,0.6818,0.5575,0.866,6.7156,108.2963,4.8787,0.3672,0.1815,26.8798898,1.0231405,NewId,0.000
Technical,2580,7078,56,91,0,0,2.2442,?,0.9165,0.6818,0.5575,0.866,6.7156,108.2963,4.8787,0.3672,0.1815,26.8798898,1.0231405,QuaDisc,71.882
Technical,2580,7078,56,91,0,0,2.2442,?,0.9165,0.6818,0.5575,0.866,6.7156,108.2963,4.8787,0.3672,0.1815,26.8798898,1.0231405,RBF,41.532
Technical,2580,7078,56,91,0,0,2.2442,?,0.9165,0.6818,0.5575,0.866,6.7156,108.2963,4.8787,0.3672,0.1815,26.8798898,1.0231405,Smart,48.987
TseTse,1499,4999,14,2,0,0,1.1316,0.3676,0.7792,?,1,?,0.6483,4.3322,0.9998,3.8755,0.285,3.50807018,12.5982456,Ac2,2.286
TseTse,1499,4999,14,2,0,0,1.1316,0.3676,0.7792,?,1,?,0.6483,4.3322,0.9998,3.8755,0.285,3.50807018,12.5982456,Alloc80,4.364
TseTse,1499,4999,14,2,0,0,1.1316,0.3676,0.7792,?,1,?,0.6483,4.3322,0.9998,3.8755,0.285,3.50807018,12.5982456,BackProp,6.027
TseTse,1499,4999,14,2,0,0,1.1316,0.3676,0.7792,?,1,?,0.6483,4.3322,0.9998,3.8755,0.285,3.50807018,12.5982456,Bayes,17.458
TseTse,1499,4999,14,2,0,0,1.1316,0.3676,0.7792,?,1,?,0.6483,4.3322,0.9998,3.8755,0.285,3.50807018,12.5982456,BayesTree,0.208
TseTse,1499,4999,14,2,0,0,1.1316,0.3676,0.7792,?,1,?,0.6483,4.3322,0.9998,3.8755,0.285,3.50807018,12.5982456,C4.5,2.702
TseTse,1499,4999,14,2,0,0,1.1316,0.3676,0.7792,?,1,?,0.6483,4.3322,0.9998,3.8755,0.285,3.50807018,12.5982456,CART,1.039
TseTse,1499,4999,14,2,0,0,1.1316,0.3676,0.7792,?,1,?,0.6483,4.3322,0.9998,3.8755,0.285,3.50807018,12.5982456,Cal5,3.949
TseTse,1499,4999,14,2,0,0,1.1316,0.3676,0.7792,?,1,?,0.6483,4.3322,0.9998,3.8755,0.285,3.50807018,12.5982456,Cascade,200.349
TseTse,1499,4999,14,2,0,0,1.1316,0.3676,0.7792,?,1,?,0.6483,4.3322,0.9998,3.8755,0.285,3.50807018,12.5982456,Castle,20.991
TseTse,1499,4999,14,2,0,0,1.1316,0.3676,0.7792,?,1,?,0.6483,4.3322,0.9998,3.8755,0.285,3.50807018,12.5982456,Cn2,0.000
TseTse,1499,4999,14,2,0,0,1.1316,0.3676,0.7792,?,1,?,0.6483,4.3322,0.9998,3.8755,0.285,3.50807018,12.5982456,Default,94.355
TseTse,1499,4999,14,2,0,0,1.1316,0.3676,0.7792,?,1,?,0.6483,4.3322,0.9998,3.8755,0.285,3.50807018,12.5982456,Dipol92,3.533
TseTse,1499,4999,14,2,0,0,1.1316,0.3676,0.7792,?,1,?,0.6483,4.3322,0.9998,3.8755,0.285,3.50807018,12.5982456,Discrim,17.873
TseTse,1499,4999,14,2,0,0,1.1316,0.3676,0.7792,?,1,?,0.6483,4.3322,0.9998,3.8755,0.285,3.50807018,12.5982456,ITrule,39.904
TseTse,1499,4999,14,2,0,0,1.1316,0.3676,0.7792,?,1,?,0.6483,4.3322,0.9998,3.8755,0.285,3.50807018,12.5982456,IndCART,0.623
TseTse,1499,4999,14,2,0,0,1.1316,0.3676,0.7792,?,1,?,0.6483,4.3322,0.9998,3.8755,0.285,3.50807018,12.5982456,KNN,4.364
TseTse,1499,4999,14,2,0,0,1.1316,0.3676,0.7792,?,1,?,0.6483,4.3322,0.9998,3.8755,0.285,3.50807018,12.5982456,Kohonen,8.105
TseTse,1499,4999,14,2,0,0,1.1316,0.3676,0.7792,?,1,?,0.6483,4.3322,0.9998,3.8755,0.285,3.50807018,12.5982456,LVQ,6.027
TseTse,1499,4999,14,2,0,0,1.1316,0.3676,0.7792,?,1,?,0.6483,4.3322,0.9998,3.8755,0.285,3.50807018,12.5982456,LogDisc,16.834
TseTse,1499,4999,14,2,0,0,1.1316,0.3676,0.7792,?,1,?,0.6483,4.3322,0.9998,3.8755,0.285,3.50807018,12.5982456,NewId,0.831
TseTse,1499,4999,14,2,0,0,1.1316,0.3676,0.7792,?,1,?,0.6483,4.3322,0.9998,3.8755,0.285,3.50807018,12.5982456,QuaDisc,12.886
TseTse,1499,4999,14,2,0,0,1.1316,0.3676,0.7792,?,1,?,0.6483,4.3322,0.9998,3.8755,0.285,3.50807018,12.5982456,RBF,3.325
TseTse,1499,4999,14,2,0,0,1.1316,0.3676,0.7792,?,1,?,0.6483,4.3322,0.9998,3.8755,0.285,3.50807018,12.5982456,Smart,2.286
Vehicle,846,846,18,4,0,0,1.5392,0.4828,0.842,0.8189,0.4696,0.9139,0.8282,5.18,1.9979,4.2472,0.3538,5.64697569,11.0045223,Ac2,11.893
Vehicle,846,846,18,4,0,0,1.5392,0.4828,0.842,0.8189,0.4696,0.9139,0.8282,5.18,1.9979,4.2472,0.3538,5.64697569,11.0045223,Alloc80,1.874
Vehicle,846,846,18,4,0,0,1.5392,0.4828,0.842,0.8189,0.4696,0.9139,0.8282,5.18,1.9979,4.2472,0.3538,5.64697569,11.0045223,BackProp,4.643
Vehicle,846,846,18,4,0,0,1.5392,0.4828,0.842,0.8189,0.4696,0.9139,0.8282,5.18,1.9979,4.2472,0.3538,5.64697569,11.0045223,Bayes,33.235
Vehicle,846,846,18,4,0,0,1.5392,0.4828,0.842,0.8189,0.4696,0.9139,0.8282,5.18,1.9979,4.2472,0.3538,5.64697569,11.0045223,BayesTree,9.856
Vehicle,846,846,18,4,0,0,1.5392,0.4828,0.842,0.8189,0.4696,0.9139,0.8282,5.18,1.9979,4.2472,0.3538,5.64697569,11.0045223,C4.5,9.449
Vehicle,846,846,18,4,0,0,1.5392,0.4828,0.842,0.8189,0.4696,0.9139,0.8282,5.18,1.9979,4.2472,0.3538,5.64697569,11.0045223,CART,6.924
Vehicle,846,846,18,4,0,0,1.5392,0.4828,0.842,0.8189,0.4696,0.9139,0.8282,5.18,1.9979,4.2472,0.3538,5.64697569,11.0045223,Cal5,10.508
Vehicle,846,846,18,4,0,0,1.5392,0.4828,0.842,0.8189,0.4696,0.9139,0.8282,5.18,1.9979,4.2472,0.3538,5.64697569,11.0045223,Cascade,10.589
Vehicle,846,846,18,4,0,0,1.5392,0.4828,0.842,0.8189,0.4696,0.9139,0.8282,5.18,1.9979,4.2472,0.3538,5.64697569,11.0045223,Castle,28.917
Vehicle,846,846,18,4,0,0,1.5392,0.4828,0.842,0.8189,0.4696,0.9139,0.8282,5.18,1.9979,4.2472,0.3538,5.64697569,11.0045223,Cn2,13.359
Vehicle,846,846,18,4,0,0,1.5392,0.4828,0.842,0.8189,0.4696,0.9139,0.8282,5.18,1.9979,4.2472,0.3538,5.64697569,11.0045223,Default,48.874
Vehicle,846,846,18,4,0,0,1.5392,0.4828,0.842,0.8189,0.4696,0.9139,0.8282,5.18,1.9979,4.2472,0.3538,5.64697569,11.0045223,Dipol92,0.081
Vehicle,846,846,18,4,0,0,1.5392,0.4828,0.842,0.8189,0.4696,0.9139,0.8282,5.18,1.9979,4.2472,0.3538,5.64697569,11.0045223,Discrim,5.376
Vehicle,846,846,18,4,0,0,1.5392,0.4828,0.842,0.8189,0.4696,0.9139,0.8282,5.18,1.9979,4.2472,0.3538,5.64697569,11.0045223,ITrule,14.174
Vehicle,846,846,18,4,0,0,1.5392,0.4828,0.842,0.8189,0.4696,0.9139,0.8282,5.18,1.9979,4.2472,0.3538,5.64697569,11.0045223,IndCART,12.056
Vehicle,846,846,18,4,0,0,1.5392,0.4828,0.842,0.8189,0.4696,0.9139,0.8282,5.18,1.9979,4.2472,0.3538,5.64697569,11.0045223,KNN,10.182
Vehicle,846,846,18,4,0,0,1.5392,0.4828,0.842,0.8189,0.4696,0.9139,0.8282,5.18,1.9979,4.2472,0.3538,5.64697569,11.0045223,Kohonen,15.477
Vehicle,846,846,18,4,0,0,1.5392,0.4828,0.842,0.8189,0.4696,0.9139,0.8282,5.18,1.9979,4.2472,0.3538,5.64697569,11.0045223,LVQ,11.160
Vehicle,846,846,18,4,0,0,1.5392,0.4828,0.842,0.8189,0.4696,0.9139,0.8282,5.18,1.9979,4.2472,0.3538,5.64697569,11.0045223,LogDisc,3.421
Vehicle,846,846,18,4,0,0,1.5392,0.4828,0.842,0.8189,0.4696,0.9139,0.8282,5.18,1.9979,4.2472,0.3538,5.64697569,11.0045223,NewId,12.056
Vehicle,846,846,18,4,0,0,1.5392,0.4828,0.842,0.8189,0.4696,0.9139,0.8282,5.18,1.9979,4.2472,0.3538,5.64697569,11.0045223,QuaDisc,0.000
Vehicle,846,846,18,4,0,0,1.5392,0.4828,0.842,0.8189,0.4696,0.9139,0.8282,5.18,1.9979,4.2472,0.3538,5.64697569,11.0045223,RBF,12.789
Vehicle,846,846,18,4,0,0,1.5392,0.4828,0.842,0.8189,0.4696,0.9139,0.8282,5.18,1.9979,4.2472,0.3538,5.64697569,11.0045223,Smart,5.458
