3001 0 65 1 1 1 1
-9 4 115 0 0 -9 -9 -9
0 -9 -9 0 1 9 85 0
1 1 0 1 12 8.3 -9 100
93 56 185 80 115 70 1 0
0 2 -9 -9 -9 -9 -9 -9
-9 -9 -9 7 -9 -9 -9 1
11 85 1 1 2 1 1 1
1 1 1 1 1 1 1 1
1 1 75 -9. name
3002 0 32 1 0 0 0
-9 1 95 1 0 1 -9 -9
-9 -9 -9 0 2 22 85 -9
1 -9 1 -9 -9 9 10.6 -9
127 74 160 75 95 65 0 0
0.7 1 8 10 -9 -9 -9 -9
-9 -9 -9 -9 -9 -9 -9 2
25 85 1 1 1 2 1 1
1 1 1 1 1 1 1 1
5 1 63 -9. name
3003 0 61 1 1 1 1
-9 4 105 0 0 -9 -9 -9
-9 -9 -9 0 2 25 85 0
1 0 0 0 -9 9 9.3 -9
110 70 155 90 105 75 1 0
1.5 1 24 20 -9 -9 -9 -9
-9 -9 -9 -9 -9 -9 -9 2
26 85 1 1 1 1 1 1
1 1 1 2 1 1 1 1
1 1 67 -9. name
3004 0 50 1 1 1 1
-9 4 145 0 0 -9 -9 -9
-9 -9 -9 0 2 26 85 -9
1 -9 1 -9 -9 6.5 11.1 -9
139 82 180 95 145 90 1 0
0.7 2 12 13 -9 -9 -9 -9
-9 -9 -9 -9 -9 -9 -9 11
30 84 1 1 2 1 1 1
1 1 1 1 1 1 1 1
5 4 36 -9. name
3005 0 57 1 1 1 1
-9 4 110 0 0 -9 -9 -9
-9 -9 -9 1 2 26 85 -9
-9 1 1 -9 -9 9 14 -9
131 71 145 80 110 65 1 0
1.4 1 18 18 1 -9 -9 -9
-9 -9 -9 -9 -9 -9 -9 2
27 85 3 1 1 2 1 1
2 1 1 2 1 1 1 1
1 1 60 -9. name
3006 0 51 1 1 1 1
-9 4 110 -9 0 -9 -9 -9
-9 -9 -9 0 2 28 85 0
1 1 0 0 -9 6 0 -9
92 80 130 65 110 70 0 1
0 2 23 24 -9 -9 -9 -9
-9 -9 -9 -9 -9 -9 -9 2
27 85 4 2 2 1 1 1
1 1 1 1 1 1 1 1
1 2 47 -9. name
3007 0 47 1 1 1 1
-9 4 110 1 0 -9 -9 -9
-9 -9 -9 1 2 28 85 0
1 0 1 0 -9 10 10.2 -9
149 74 145 100 110 90 0 0
2.1 1 7 8 -9 -9 -9 -9
-9 -9 -9 -9 -9 -9 -9 3
1 85 2 1 1 2 2 2
1 1 1 1 1 1 1 1
1 1 66 -9. name
3008 0 60 1 1 1 1
-9 4 160 1 0 -9 -9 -9
-9 1 -9 0 3 1 85 0
0 1 0 0 -9 9 17.8 -9
149 80 230 110 160 80 0 0
0.4 2 26 25 -9 -9 -9 -9
-9 -9 -9 -9 -9 -9 -9 3
13 85 1 1 1 1 1 1
1 1 1 1 2 -9 -9 -9
-9 -9 75 -9. name
3009 0 55 1 0 0 0
-9 2 140 1 0 -9 -9 -9
-9 -9 -9 1 3 1 85 0
0 0 0 0 -9 12 12 -9
150 73 180 95 140 80 0 0
0.2 1 19 18 -9 -9 -9 -9
-9 -9 -9 -9 -9 -9 -9 3
4 85 0 1 1 1 1 1
1 1 1 1 1 1 1 1
1 1 57 -9. name
3010 0 53 1 1 1 1
-9 4 125 -9 0 -9 -9 -9
-9 -9 -9 0 3 4 85 0
1 1 0 0 -9 10 10 -9
120 84 145 80 125 80 0 0
1.5 1 15 18 -9 -9 -9 -9
-9 -9 -9 -9 -9 -9 -9 3
5 85 4 2 1 1 1 1
1 1 1 1 1 1 1 1
1 1 70 -9. name
3011 0 62 0 1 1 1
-9 4 120 1 0 -9 -9 -9
-9 -9 -9 1 3 6 85 0
1 1 1 0 -9 6 0 -9
123 70 175 105 120 80 1 0
1.7 3 8 7 -9 -9 -9 -9
-9 -9 -9 -9 -9 -9 -9 1
18 85 1 1 1 2 1 1
1 1 1 1 1 1 1 1
1 2 48 -9. name
3012 0 51 1 1 1 1
-9 4 95 -9 0 1 -9 -9
-9 -9 -9 0 3 6 85 0
0 0 0 0 -9 7.5 7.8 -9
126 69 150 80 95 60 0 0
2.2 2 12 23 -9 -9 -9 -9
-9 -9 -9 -9 -9 -9 -9 3
7 85 2 1 2 1 1 1
1 1 1 2 1 1 1 1
1 1 71 -9. name
3013 0 51 0 1 1 1
-9 4 120 -9 0 -9 -9 -9
-9 -9 -9 0 3 7 85 0
1 1 0 0 -9 6 6 -9
127 84 160 100 120 85 1 0
1.5 1 7 7 -9 -9 -9 -9
-9 -9 -9 -9 -9 -9 -9 3
8 85 2 1 2 1 1 2
1 1 2 1 1 1 1 6
7 2 65 -9. name
3014 0 55 1 1 1 1
-9 4 115 0 0 -9 -9 -9
-9 -9 -9 0 3 18 85 0
0 1 1 0 -9 9 5.4 -9
155 99 -9 -9 115 70 0 0
0.1 2 8 8 -9 -9 -9 -9
-9 -9 -9 -9 -9 -9 -9 3
19 85 1 1 1 2 1 1
1 1 1 1 1 -9 -9 -9
-9 -9 62 -9. name
3015 0 53 1 0 0 0
-9 2 130 1 0 -9 -9 -9
-9 -9 -9 1 3 19 85 0
0 0 0 0 -9 4.5 10.7 -9
120 85 140 90 130 80 0 -9
0.7 3 14 12 -9 -9 -9 -9
-9 -9 -9 -9 -9 -9 -9 2
12 85 0 1 1 1 1 1
1 1 1 1 1 -9 -9 -9
-9 1 69 -9. name
3016 0 58 1 1 1 1
-9 4 115 0 0 -9 -9 -9
-9 -9 -9 0 3 19 85 0
1 1 1 0 -9 9 0.7 -9
138 79 155 75 115 70 0 0
0.5 1 9 6 -9 -9 -9 -9
-9 -9 -9 -9 -9 -9 -9 3
20 85 1 1 1 2 1 1
1 1 1 1 1 1 1 1
1 1 -9. -9. name
3017 0 57 1 1 1 1
-9 4 95 1 0 1 -9 -9
-9 -9 -9 0 3 19 85 0
0 1 1 0 -9 9 14.3 -9
182 81 195 70 95 60 0 0
0.7 3 12 11 -9 -9 -9 -9
-9 -9 -9 -9 -9 -9 -9 3
20 85 1 1 1 1 1 1
2 1 1 1 1 1 1 1
1 1 58 -9. name
3018 0 65 1 1 1 1
-9 4 155 1 0 -9 -9 -9
-9 -9 -9 0 3 20 85 0
0 1 1 0 -9 9 11.8 -9
154 61 215 80 155 80 0 0
1 1 14 12 -9 -9 -9 -9
-9 -9 -9 -9 -9 -9 -9 3
21 85 0 1 1 1 1 1
1 1 1 1 1 -9 -9 -9
-9 -9 70 -9. name
3019 0 60 1 1 1 1
-9 4 125 -9 0 -9 -9 -9
-9 -9 -9 0 3 22 85 0
1 1 1 0 -9 9.5 13.2 -9
110 59 165 95 125 80 0 0
0.1 1 13 17 2 -9 -9 -9
-9 -9 -9 -9 -9 -9 -9 3
25 85 3 1 2 1 2 2
1 2 1 2 1 1 1 1
1 2 49 -9. name
3020 0 41 1 1 1 1
-9 4 125 -9 0 -9 -9 -9
-9 -9 -9 0 3 26 85 0
0 1 1 0 -9 11 10 -9
176 90 220 80 125 70 0 0
1.6 1 11 8 -9 -9 -9 -9
-9 -9 -9 -9 -9 -9 -9 2
28 85 2 1 1 2 2 1
1 1 1 1 2 1 1 1
1 2 49 -9. name
3021 0 34 1 1 1 1
-9 4 115 1 0 1 -9 -9
-9 -9 1 -9 3 26 85 0
1 0 1 0 -9 12 15.8 -9
154 82 155 100 115 80 0 0
0.2 1 16 20 -9 -9 -9 -9
-9 -9 -9 -9 -9 -9 -9 3
27 85 1 1 1 1 2 1
1 1 1 1 2 1 1 1
1 1 65 -9. name
3022 0 53 1 1 1 1
-9 4 80 -9 0 -9 -9 -9
-9 -9 -9 0 3 29 85 0
0 0 0 0 -9 6 7.4 -9
141 65 140 90 80 60 1 0
2 3 15 20 -9 -9 -9 -9
-9 -9 -9 -9 -9 -9 -9 2
19 85 0 1 1 1 1 1
1 1 1 1 1 1 1 1
1 2 48 -9. name
3023 0 74 1 0 0 0
-9 2 145 1 0 -9 -9 -9
-9 -9 -9 1 4 1 85 0
1 1 0 0 -9 12 10 -9
123 67 180 95 145 75 0 0
1.3 1 24 12 -9 -9 -9 -9
-9 -9 -9 -9 -9 -9 -9 4
2 85 1 1 1 2 1 1
1 1 1 1 1 -9 -9 -9
-9 2 63 -9. name
3024 0 57 1 1 0 0
-9 3 105 -9 0 1 -9 -9
-9 -9 -9 0 4 11 85 0
0 1 1 0 -9 9 7.4 -9
148 64 190 95 105 80 0 0
0.3 2 7 8 -9 -9 -9 -9
-9 -9 -9 -9 -9 -9 -9 4
11 85 1 1 1 1 1 1
1 1 1 2 1 1 1 1
1 1 75 -9. name
3025 0 56 1 1 1 1
-9 4 140 1 0 -9 -9 -9
-9 -9 -9 0 4 15 85 0
1 1 1 0 -9 8 8 -9
121 58 185 80 140 95 1 0
1.8 1 18 18 -9 -9 -9 -9
-9 -9 -9 -9 -9 -9 -9 4
16 85 1 1 1 1 1 1
1 1 1 1 2 1 1 1
1 1 58 -9. name
3026 0 61 1 1 1 1
-9 4 130 -9 0 -9 -9 -9
-9 -9 -9 0 4 16 85 0
0 0 0 0 -9 5 5.1 -9
77 54 150 80 130 80 0 0
2.5 2 11 11 -9 -9 -9 -9
-9 -9 -9 -9 -9 -9 -9 4
15 85 3 1 2 1 1 2
1 1 1 2 1 1 1 1
1 2 50 -9. name
3027 0 68 1 1 1 1
-9 4 145 1 0 -9 -9 -9
-9 -9 -9 0 4 18 85 0
0 0 0 0 -9 10 10 -9
136 56 180 100 145 95 0 0
1.8 1 12 12 -9 -9 -9 -9
-9 -9 -9 -9 -9 -9 -9 4
17 85 1 1 1 2 1 1
1 1 1 1 1 1 1 1
1 1 67 -9. name
3028 0 59 1 1 1 1
-9 3 125 0 0 -9 -9 -9
-9 -9 -9 0 4 19 85 0
0 0 0 0 -9 12 11 -9
175 77 230 90 125 85 0 0
2.6 2 19 20 -9 -9 -9 -9
-9 -9 -9 -9 -9 -9 -9 4
18 85 1 1 1 1 1 2
1 1 1 1 1 1 1 1
1 1 70 -9. name
3029 0 63 1 1 1 1
-9 4 100 -9 0 -9 -9 -9
-9 -9 -9 0 4 14 85 0
1 1 1 1 -9 9 11.7 -9
109 60 140 80 100 75 0 0
-0.9 2 15 15 -9 -9 -9 -9
-9 -9 -9 -9 -9 -9 -9 4
22 85 1 1 1 1 1 1
1 1 1 2 1 1 1 1
1 2 57 -9. name
3030 0 38 0 1 1 1
-9 4 105 -9 0 -9 -9 -9
-9 -9 -9 0 5 2 85 0
0 0 0 0 -9 9 8 -9
166 63 180 80 105 75 0 0
2.8 1 11 12 -9 -9 -9 -9
-9 -9 -9 -9 -9 -9 -9 -9
-9 -9 2 1 2 1 2 1
1 1 1 1 2 1 1 1
1 1 53 -9. name
3031 0 62 1 1 1 1
-9 4 115 0 0 -9 -9 -9
-9 -9 -9 0 1 23 85 0
0 1 1 0 -9 10 6 -9
128 60 195 80 115 80 1 0
2.5 3 18 17 -9 -9 -9 -9
-9 -9 -9 -9 -9 -9 -9 6
28 84 2 1 2 2 2 2
1 1 1 1 1 1 1 1
1 1 -9. -9. name
3032 0 46 1 1 1 1
-9 4 100 -9 0 -9 -9 -9
-9 -9 -9 1 1 25 85 0
1 1 0 0 -9 9 4.2 -9
133 75 160 90 100 70 0 0
-2.6 2 10 15 -9 -9 -9 -9
-9 -9 -9 -9 -9 -9 -9 1
28 85 1 1 1 2 1 1
1 1 1 1 1 1 1 1
1 2 71 -9. name
3033 0 42 1 1 1 1
-9 4 105 -9 0 -9 -9 -9
-9 -9 -9 0 1 25 85 0
1 0 0 0 -9 9 8.6 -9
128 62 135 60 105 70 1 0
-1.5 3 20 19 -9 -9 -9 -9
-9 -9 -9 -9 -9 -9 -9 1
18 85 1 1 2 1 1 1
1 1 1 1 1 1 1 1
1 2 65 -9. name
3034 0 45 1 1 0 0
-9 3 110 -9 0 -9 -9 -9
-9 -9 -9 0 1 25 85 0
1 0 1 0 -9 12 4.6 -9
138 77 190 95 110 65 0 0
-0.1 1 13 13 -9 -9 -9 -9
-9 -9 -9 -9 -9 -9 -9 1
28 85 0 1 1 1 2 1
1 1 1 1 1 1 1 1
1 1 68 -9. name
3035 0 59 1 1 1 1
-9 4 125 -9 0 -9 -9 -9
-9 -9 -9 0 1 22 85 0
0 0 0 0 -9 6 5 -9
119 80 160 100 125 85 1 0
0.9 1 -9 -9 -9 -9 -9 -9
-9 -9 -9 -9 -9 -9 -9 1
24 85 1 1 1 2 1 1
1 1 1 1 1 1 1 1
1 1 72 -9. name
3036 0 52 1 1 1 1
-9 4 95 -9 0 -9 -9 -9
-9 -9 -9 0 1 22 85 0
1 1 1 0 -9 3 -9 -9
82 54 125 70 95 70 1 0
-9 -9 -9 -9 -9 -9 -9 -9
-9 -9 -9 -9 -9 -9 -9 -9
-9 -9 2 1 1 1 2 2
1 1 1 2 1 1 1 1
1 -9 76 -9. name
3037 0 60 1 1 1 1
-9 4 130 -9 0 -9 -9 -9
-9 -9 -9 1 1 28 85 0
1 1 1 0 -9 7.5 10 -9
130 76 170 95 130 75 1 0
1.1 3 11 16 1 -9 -9 -9
-9 -9 -9 -9 -9 -9 -9 2
4 85 1 1 1 1 1 1
1 1 1 1 2 -9 -9 -9
-9 1 66 -9. name
3038 0 60 1 1 0 0
-9 3 115 0 0 -9 -9 -9
-9 -9 -9 0 1 28 85 0
1 1 1 0 -9 11 13.2 -9
143 65 170 65 115 80 0 0
2.4 1 11 20 -9 -9 -9 -9
-9 -9 -9 -9 -9 -9 -9 1
29 85 1 1 2 1 2 1
1 1 1 1 1 1 1 1
1 1 77 -9. name
3039 0 56 1 1 1 1
-9 4 115 -9 0 -9 -9 -9
-9 -9 -9 1 1 29 85 0
1 1 0 0 -9 3 -9 -9
82 60 140 70 115 80 0 0
-1 1 20 20 -9 -9 -9 -9
-9 -9 -9 -9 -9 -9 -9 1
30 85 1 1 1 1 1 2
1 1 1 1 1 1 1 1
1 1 60 -9. name
3040 0 38 1 0 0 0
-9 3 100 -9 0 -9 -9 -9
-9 -9 -9 0 1 29 85 0
0 0 0 0 -9 12 8.6 -9
179 77 175 55 100 80 0 0
-1.1 1 14 10 -9 -9 -9 -9
-9 -9 -9 -9 -9 -9 -9 1
30 85 0 1 1 1 1 1
1 1 1 1 1 1 1 1
1 2 67 -9. name
3041 0 40 1 0 0 0
-9 4 95 -9 0 -9 -9 -9
-9 -9 -9 1 1 30 85 0
0 0 0 0 -9 5 0 -9
144 89 135 80 95 65 0 1
0 1 -9 -9 -9 -9 -9 -9
-9 -9 -9 -9 -9 -9 -9 -9
-9 -9 2 1 2 1 1 2
1 1 1 1 1 -9 -9 -9
-9 -9 55 -9. name
3042 0 51 1 1 1 1
-9 4 130 -9 0 -9 -9 -9
-9 -9 -9 0 2 1 85 0
0 0 1 -9 -9 12 12 -9
170 80 175 80 130 80 0 0
-0.7 1 10 9 -9 -9 -9 -9
-9 -9 -9 -9 -9 -9 -9 2
4 85 2 1 2 1 1 1
1 1 1 2 1 -9 -9 -9
-9 2 48 -9. name
3043 0 62 1 0 0 0
-9 1 120 -9 0 -9 -9 -9
-9 -9 -9 2 2 5 85 0
0 0 0 0 -9 7 8.6 -9
134 76 170 90 120 95 0 0
-0.8 2 24 27 2 -9 -9 -9
-9 -9 -9 -9 -9 -9 -9 2
7 85 1 1 1 1 1 1
1 1 1 1 2 -9 -9 -9
-9 -9 54 -9. name
3044 0 72 1 0 0 0
-9 3 160 -9 0 -9 -9 -9
-9 -9 -9 2 2 6 85 0
0 0 1 -9 -9 5 6.4 -9
114 82 180 90 160 90 0 0
1.6 2 22 22 2 -9 -9 -9
-9 -9 -9 -9 -9 -9 -9 -9
-9 -9 0 1 1 1 1 1
1 1 1 1 1 1 1 1
1 1 60 -9. name
3045 0 63 1 1 1 1
-9 4 150 1 0 -9 -9 -9
-9 -9 -9 1 2 6 85 0
0 1 1 0 -9 9 14 -9
154 69 195 100 150 100 0 0
3.7 1 20 18 -9 -9 -9 -9
-9 -9 -9 -9 -9 -9 -9 2
7 85 3 1 2 1 1 1
1 2 1 1 2 -9 -9 -9
-9 -9 70 -9. name
3046 0 63 1 1 1 1
-9 4 140 1 0 -9 -9 -9
-9 1 -9 2 2 7 85 0
1 0 1 0 -9 9 12 -9
149 70 200 100 140 90 0 0
2 1 11 6 -9 -9 -9 -9
-9 -9 -9 -9 -9 -9 -9 2
12 85 2 1 2 1 2 2
1 1 1 1 1 1 1 1
1 1 62 -9. name
3047 0 64 0 1 1 1
-9 4 95 -9 0 -9 -9 -9
-9 -9 -9 0 2 14 85 0
1 0 1 1 -9 6 3 -9
145 74 150 70 95 75 0 0
1.1 3 9 7 -9 -9 -9 -9
-9 -9 -9 -9 -9 -9 -9 -9
-9 -9 1 1 2 1 1 1
1 1 1 1 1 1 1 1
1 1 86 -9. name
3048 0 43 1 1 1 1
-9 4 100 -9 0 -9 -9 -9
-9 -9 -9 0 2 14 85 0
1 1 1 0 -9 9 12.6 -9
122 83 150 90 100 80 0 -9
1.5 3 13 13 -9 -9 -9 -9
-9 -9 -9 -9 -9 -9 -9 -9
-9 -9 3 1 1 2 1 2
1 1 1 2 1 -9 -9 -9
-9 2 58 -9. name
3049 0 64 1 1 0 0
-9 4 110 -9 0 -9 -9 -9
-9 -9 -9 0 2 19 85 0
1 1 1 0 -9 4 5 -9
114 80 130 75 110 90 1 0
1.3 3 11 15 -9 -9 -9 -9
-9 -9 -9 -9 -9 -9 -9 -9
-9 -9 1 1 2 1 1 1
1 1 1 1 1 -9 -9 -9
-9 -9 65 -9. name
3050 0 61 1 1 0 0
-9 4 110 -9 0 -9 -9 -9
-9 -9 -9 0 2 20 85 0
1 1 0 0 -9 9 9.4 -9
113 47 170 100 110 85 0 0
1.4 2 10 18 -9 -9 -9 -9
-9 -9 -9 -9 -9 -9 -9 -9
-9 -9 1 1 2 1 1 1
1 1 1 1 1 -9 -9 -9
-9 -9 65 -9. name
4001 0 52 1 1 1 1
-9 4 130 0 0 -9 -9 -9
-9 -9 -9 0 8 20 84 1
0 0 0 0 12 6 -9 75
120 85 120 85 130 90 0 1
0 2 -9 -9 -9 -9 -9 -9
-9 -9 -9 7 1 -9 -9 8
17 84 2 1 2 2 1 1
1 1 1 2 2 1 1 1
8 -9 56 -9. name
4002 0 51 1 1 1 1
-9 4 120 0 0 0 -9 -9
1 -9 -9 0 8 3 84 0
1 1 1 1 12 9 -9 100
104 70 140 85 120 85 0 0
0 2 -9 -9 -9 -9 -9 -9
-9 -9 -9 3 0 -9 -9 7
4 84 3 1 2 1 1 1
1 2 1 2 2 1 1 1
1 1 79 -9. name
4003 0 69 1 1 1 1
-9 4 135 0 0 -9 -9 -9
0 -9 -9 0 11 14 84 0
0 0 1 1 12 9 0 150
130 69 200 80 135 80 0 0
0 2 -9 -9 -9 -9 -9 -9
-9 -9 -9 6 1 -9 -9 6
26 84 1 1 1 1 1 1
1 1 1 2 1 1 1 1
5 1 45 -9. name
4004 0 59 1 1 1 1
-9 4 120 0 0 0 -9 -9
0 -9 -9 0 6 2 84 0
1 1 0 1 12 5.5 -9 100
115 74 160 80 120 75 0 0
0 2 -9 -9 -9 -9 -9 -9
-9 -9 -9 3 0 -9 -9 2
9 82 2 1 2 2 1 1
1 1 1 1 2 1 1 1
1 0 -9. -9. name
4005 0 48 1 1 1 1
-9 4 115 0 0 -9 -9 -9
-9 -9 -9 0 3 25 85 0
1 0 0 1 12 9 -9 150
128 60 135 70 115 80 0 0
0 2 -9 -9 -9 -9 -9 -9
-9 -9 -9 6 3 -9 -9 3
26 85 2 1 1 2 1 2
1 1 1 1 1 1 1 1
1 1 73 -9. name
4006 0 69 1 1 1 1
-9 4 -9 0 0 1 40 50
0 -9 -9 1 -9 -9 -9 -9
-9 -9 -9 -9 -9 -9 -9 -9
-9 -9 -9 -9 -9 -9 -9 -9
-9 -9 -9 -9 -9 -9 -9 -9
-9 -9 -9 7 3 -9 -9 11
1 84 3 1 2 2 1 1
2 2 1 1 2 1 1 1
4 3 49 -9. name
4007 0 36 1 1 1 0
-9 4 110 0 0 1 40 -9
-9 -9 -9 0 4 3 84 0
0 0 0 0 12 4.5 3.5 100
125 85 140 90 110 75 1 0
1 2 -9 -9 -9 -9 -9 -9
-9 -9 -9 6 3 -9 -9 4
4 84 1 1 1 1 1 2
1 1 1 1 1 1 1 1
1 2 57 -9. name
4008 0 53 1 1 1 1
-9 4 120 -9 0 -9 -9 -9
-9 -9 -9 0 1 18 84 0
1 0 1 0 12 8 -9 100
120 63 155 85 120 85 0 0
0 2 -9 -9 -9 -9 -9 -9
-9 -9 -9 7 2 -9 -9 4
9 84 1 1 1 1 1 1
1 1 1 2 1 1 1 1
1 1 62 -9. name
4009 0 43 1 1 1 1
-9 4 140 -9 0 -9 -9 -9
0 -9 -9 1 8 12 84 0
0 0 1 0 12 9 5 150
140 92 160 95 140 90 1 0
0.5 1 -9 -9 -9 -9 -9 -9
-9 -9 -9 7 2 -9 -9 9
13 84 2 1 1 2 1 1
2 1 1 1 1 1 1 1
1 2 65 -9. name
4010 0 56 1 1 0 0
-9 4 120 0 0 1 20 -9
0 -9 -9 1 4 17 84 0
1 1 1 0 12 9 7.5 150
100 60 140 70 120 80 1 0
-1 3 -9 -9 -9 -9 -9 -9
-9 -9 -9 7 2 -9 -9 4
24 84 2 1 2 1 1 1
1 1 2 1 1 1 1 1
1 3 64 -9. name
4011 0 58 1 1 1 1
-9 4 130 0 0 1 20 -9
0 -9 -9 1 12 18 84 0
0 1 1 0 12 3 0 50
100 83 145 85 130 75 1 0
1 2 -9 -9 -9 -9 -9 -9
-9 -9 -9 6 2 1 -9 12
18 84 4 2 2 1 1 1
1 1 1 2 1 -9 -9 -9
-9 -9 -9. -9. name
4012 0 55 1 1 1 1
-9 4 120 0 0 0 -9 -9
0 -9 -9 1 3 18 85 0
1 1 1 0 12 8.5 6 150
92 55 130 80 120 75 0 0
0.3 1 -9 -9 -9 -9 -9 -9
-9 -9 -9 7 2 1 -9 3
19 85 4 2 2 2 1 2
2 2 1 2 2 3 7 4
1 3 54 -9. name
4013 0 67 1 0 0 0
-9 1 145 1 0 -9 -9 -9
0 -9 -9 2 5 28 84 0
0 0 1 1 12 4 0 50
125 100 180 70 145 60 0 0
0 2 -9 -9 -9 -9 -9 -9
-9 -9 -9 3 0 -9 -9 5
14 84 2 1 2 1 1 1
1 1 1 2 1 1 1 1
1 1 63 -9. name
4014 0 46 1 1 1 1
-9 4 115 0 0 -9 -9 -9
0 1 -9 0 9 24 84 0
0 0 1 1 12 6.5 6 100
113 64 170 85 115 90 1 0
1.5 2 -9 -9 -9 -9 -9 -9
-9 -9 -9 7 2 -9 -9 9
25 84 1 1 2 1 1 1
1 1 1 1 1 3 4 1
1 2 58 -9. name
4015 0 53 1 1 1 0
-9 2 120 0 0 -9 -9 -9
0 -9 -9 0 12 6 84 0
1 0 0 0 12 10 0 125
95 56 160 80 120 80 0 0
0 2 -9 -9 -9 -9 -9 -9
-9 -9 -9 3 0 -9 -9 12
12 84 3 1 2 2 1 1
2 2 1 2 2 -9 -9 -9
-9 1 65 -9. name
4016 0 38 1 1 0 1
-9 3 115 1 0 -9 -9 -9
0 -9 -9 0 8 21 84 0
0 0 0 0 12 9 0 100
128 86 180 100 115 100 1 0
0 2 -9 -9 -9 -9 -9 -9
-9 -9 -9 7 2 -9 -9 8
23 84 1 1 2 1 1 1
1 1 1 1 1 1 1 1
1 3 -9. -9. name
4017 0 53 1 1 1 0
-9 3 105 0 0 -9 -9 -9
0 -9 -9 0 1 30 85 0
1 1 1 0 12 9 0 150
115 50 135 70 105 65 0 0
0 2 -9 -9 -9 -9 -9 -9
-9 -9 -9 7 1 -9 -9 1
31 85 1 1 1 2 1 1
1 1 1 1 1 1 1 1
1 2 -9. -9. name
4018 0 62 1 1 1 0
-9 3 160 1 0 -9 -9 -9
0 -9 -9 0 1 8 85 0
0 0 0 0 12 4 0 50
72 56 140 95 160 90 1 1
0 2 -9 -9 -9 -9 -9 -9
-9 -9 -9 3 0 -9 -9 1
3 85 3 1 2 1 1 1
2 1 1 2 2 1 1 1
3 2 59 -9. name
4019 0 47 1 1 1 1
-9 4 160 1 0 -9 -9 -9
0 -9 -9 0 7 16 84 0
0 0 1 0 12 6 0 100
124 72 180 90 160 85 1 0
0 2 -9 -9 -9 -9 -9 -9
-9 -9 -9 7 3 -9 -9 8
27 84 1 1 2 1 1 1
1 1 1 1 1 1 1 1
1 1 77 -9. name
4020 0 56 1 1 0 0
-9 3 155 0 0 1 40 -9
0 -9 -9 1 5 15 84 0
0 1 0 0 12 5.5 0 100
99 72 180 80 155 80 0 0
0 2 -9 -9 -9 -9 -9 -9
-9 -9 -9 3 0 1 -9 -9
-9 -9 2 1 2 2 2 1
2 1 1 1 1 1 1 1
1 2 73 -9. name
4021 0 56 1 1 1 1
-9 4 120 0 0 -9 -9 -9
0 -9 -9 1 5 3 85 0
0 1 1 0 12 9 0 150
148 63 185 90 120 80 0 0
0 2 -9 -9 -9 -9 -9 -9
-9 -9 -9 1 0 -9 -9 3
6 85 2 1 1 2 1 1
1 1 1 2 1 1 1 1
1 1 63 -9. name
4022 0 56 1 1 0 0
-9 3 120 0 0 -9 -9 -9
0 -9 -9 0 4 24 84 0
1 1 1 0 12 9 0 150
97 55 155 80 120 85 0 0
0 2 -9 -9 -9 -9 -9 -9
-9 -9 -9 7 1 -9 -9 4
26 84 0 1 1 1 1 1
1 1 1 1 1 1 1 1
1 2 48 -9. name
4023 0 64 0 1 1 1
-9 4 200 1 0 -9 -9 -9
0 -9 -9 0 2 21 84 0
0 0 1 1 12 3 1 50
140 94 190 80 200 120 1 1
1 2 -9 -9 -9 -9 -9 -9
-9 -9 -9 3 0 -9 -9 2
21 84 3 1 2 1 2 1
2 1 1 2 1 1 1 1
1 2 67 -9. name
4024 0 61 1 1 1 1
-9 4 150 0 0 -9 -9 -9
0 -9 -9 0 12 4 84 0
0 0 1 1 12 7.5 5 100
117 64 160 95 150 85 1 0
2 2 -9 -9 -9 -9 -9 -9
-9 -9 -9 7 3 -9 -9 12
5 84 2 1 1 2 2 1
2 1 2 1 1 1 1 1
1 2 -9. -9. name
4025 0 68 1 1 1 1
-9 4 135 0 0 1 20 -9
0 -9 -9 1 6 13 84 0
1 0 1 1 12 6.5 0 100
120 70 170 80 135 85 1 0
0 1 -9 -9 -9 -9 -9 -9
-9 -9 -9 7 2 -9 -9 8
8 84 3 1 2 2 1 1
2 1 1 2 2 1 1 1
1 1 64 -9. name
4026 0 57 1 1 1 1
-9 4 140 0 0 -9 -9 -9
0 -9 -9 0 8 13 84 0
1 0 0 0 12 7 6 100
120 72 180 90 140 100 1 0
2 2 -9 -9 -9 -9 -9 -9
-9 -9 -9 6 1 -9 -9 8
14 84 2 1 2 2 2 2
1 1 1 1 1 1 1 1
1 1 68 -9. name
4027 0 63 1 1 1 1
-9 4 150 0 0 -9 -9 -9
0 -9 -9 0 1 28 85 0
0 0 1 1 12 5.5 4 75
86 50 130 80 150 80 1 0
2 2 -9 -9 -9 -9 -9 -9
-9 -9 -9 4 0 -9 -9 1
29 85 3 1 2 2 2 1
2 2 2 1 2 1 1 1
1 2 72 -9. name
4028 0 60 1 1 1 1
-9 4 135 1 0 1 20 -9
0 -9 -9 0 4 10 85 0
1 1 1 1 12 6 3.5 100
63 46 160 80 135 75 1 0
0.5 1 -9 -9 -9 -9 -9 -9
-9 -9 -9 7 2 -9 -9 4
11 85 3 1 1 2 2 2
2 1 2 2 1 1 1 1
7 2 51 -9. name
4029 0 66 1 1 1 1
-9 4 150 0 0 -9 -9 -9
0 -9 -9 0 3 20 85 0
1 1 1 1 12 5.5 4 75
108 75 160 90 150 75 1 0
2 2 -9 -9 -9 -9 -9 -9
-9 -9 -9 7 2 -9 -9 3
21 85 3 1 2 2 1 1
2 1 1 2 1 1 1 1
1 1 69 -9. name
4030 0 63 1 1 1 1
-9 4 185 1 0 0 -9 40
0 -9 -9 0 3 20 85 0
1 0 0 0 12 6 -9 100
98 54 190 85 185 90 1 0
0 1 -9 -9 -9 -9 -9 -9
-9 -9 -9 7 1 -9 -9 3
21 85 1 1 2 1 1 1
1 1 1 1 1 1 1 1
1 1 -9. -9. name
4031 0 59 1 1 1 1
-9 4 135 0 0 -9 -9 -9
0 1 -9 0 2 29 84 0
0 0 0 0 12 4 3 100
115 62 150 85 135 85 1 0
1 2 -9 -9 -9 -9 -9 -9
-9 -9 -9 7 2 -9 -9 5
28 84 1 1 2 1 1 1
1 1 1 1 1 1 1 1
1 1 66 -9. name
4032 0 61 1 1 1 1
-9 4 125 0 0 0 -9 -9
0 -9 1 0 12 11 84 0
1 1 0 1 12 5 3 100
105 57 150 70 125 85 1 0
0 3 -9 -9 -9 -9 -9 -9
-9 -9 -9 7 2 -9 -9 12
10 84 3 1 2 1 2 2
1 1 1 1 2 1 1 1
1 1 -9. -9. name
4033 0 73 0 1 0 0
-9 3 160 0 0 -9 -9 -9
0 -9 -9 1 1 7 85 0
1 1 1 0 12 7 0 75
121 74 170 60 160 80 0 0
0 1 -9 -9 -9 -9 -9 -9
-9 -9 -9 3 0 -9 -9 1
8 85 1 1 2 1 2 1
1 1 1 1 1 1 1 1
1 1 70 -9. name
4034 0 47 1 1 0 0
-9 3 155 0 0 -9 -9 -9
0 -9 -9 0 1 8 85 0
1 0 1 1 12 10 8 150
118 61 150 80 155 110 1 0
1 2 -9 -9 -9 -9 -9 -9
-9 -9 -9 3 0 -9 -9 1
9 85 3 1 1 2 2 1
2 1 1 2 1 1 1 1
1 3 68 -9. name
4035 0 65 1 1 1 1
-9 4 160 1 0 1 20 -9
1 1 -9 1 4 17 85 1
1 1 1 1 12 7 0 100
122 72 215 80 160 80 0 0
-9 -9 -9 -9 -9 -9 -9 -9
-9 -9 -9 7 1 -9 -9 4
18 85 3 1 2 1 1 1
2 1 1 2 1 1 1 1
7 2 67 -9. name
4036 0 70 1 1 1 1
-9 4 140 0 0 -9 -9 -9
1 1 -9 0 1 16 85 -9
1 0 0 1 12 8 6 100
157 85 170 80 140 65 1 0
2 2 -9 -9 -9 -9 -9 -9
-9 -9 -9 7 2 -9 -9 1
21 85 3 1 1 2 1 2
1 1 1 2 2 1 1 1
1 2 64 -9. name
4037 0 50 1 1 1 1
-9 4 120 0 0 -9 -9 -9
0 -9 -9 1 3 27 85 0
1 0 0 1 12 10.5 0 200
156 70 180 80 120 75 1 0
0 1 -9 -9 -9 -9 -9 -9
-9 -9 -9 6 1 -9 -9 3
23 85 3 1 2 2 2 2
2 2 1 1 2 1 1 1
1 1 57 -9. name
4038 0 60 1 1 1 1
-9 4 160 0 0 -9 -9 -9
0 -9 -9 1 11 21 84 0
0 0 1 1 12 7 6 100
99 69 200 100 160 100 1 0
0.5 2 -9 -9 -9 -9 -9 -9
-9 -9 -9 7 2 -9 -9 11
22 84 3 1 1 2 1 2
1 1 1 1 2 1 1 1
1 1 -9. -9. name
4039 0 50 1 1 1 0
-9 4 115 0 0 -9 -9 -9
0 -9 -9 0 5 23 84 0
0 0 0 0 12 7 6 150
120 59 140 80 115 70 1 0
0.5 2 -9 -9 -9 -9 -9 -9
-9 -9 -9 6 1 -9 -9 5
24 84 3 1 1 2 2 2
1 1 1 1 2 1 1 1
1 1 66 -9. name
4040 0 43 1 1 1 1
-9 4 115 0 0 -9 -9 -9
0 -9 -9 0 9 25 84 0
0 1 0 1 12 7 6 150
145 69 140 80 115 80 1 0
2 2 -9 -9 -9 -9 -9 -9
-9 -9 -9 7 2 -9 -9 10
2 84 4 2 2 1 1 2
1 1 1 1 1 -9 -9 -9
-9 -9 -9. -9. name
4041 0 38 0 1 1 1
-9 4 110 0 0 1 20 -9
0 -9 -9 0 7 11 84 0
0 0 0 0 12 6.5 0 100
156 88 160 80 110 70 0 0
0 2 -9 -9 -9 -9 -9 -9
-9 -9 -9 3 0 -9 -9 7
12 84 1 1 1 1 1 1
1 1 1 2 1 1 1 1
1 1 76 -9. name
4042 0 54 1 1 1 1
-9 4 120 0 0 -9 -9 -9
0 -9 -9 0 10 1 84 0
1 0 1 0 12 9 0 150
155 85 195 85 120 85 0 0
0 2 -9 -9 -9 -9 -9 -9
-9 -9 -9 7 2 -9 -9 10
2 84 2 1 2 1 1 1
1 1 1 2 1 1 1 1
1 1 52 -9. name
4043 0 61 1 1 1 0
-9 4 150 1 0 1 20 -9
0 -9 -9 0 6 12 84 0
1 0 1 0 12 7 -9 150
105 60 180 100 150 80 1 0
0 2 -9 -9 -9 -9 -9 -9
-9 -9 -9 7 1 -9 -9 6
13 84 1 1 1 1 1 1
1 1 1 2 1 1 1 1
1 1 -9. -9. name
4044 0 42 1 1 1 1
-9 4 145 0 0 -9 -9 -9
0 -9 -9 0 12 5 84 0
1 0 1 0 12 6.5 0 100
99 68 160 90 145 95 1 0
0 2 -9 -9 -9 -9 -9 -9
-9 -9 -9 -9 -9 -9 -9 12
6 84 2 1 2 2 1 1
1 1 1 2 1 -9 -9 -9
-9 -9 -9. -9. name
4045 0 53 1 1 1 1
-9 4 130 0 0 -9 -9 -9
0 -9 -9 2 8 13 84 0
0 0 0 0 12 5 3 100
135 71 155 100 130 90 1 0
1 2 -9 -9 -9 -9 -9 -9
-9 -9 -9 7 1 -9 -9 8
14 84 2 1 1 1 1 2
2 1 1 2 1 1 1 1
1 2 59 -9. name
4046 0 55 1 1 1 1
-9 4 140 1 0 1 20 -9
0 -9 -9 0 6 27 84 0
1 1 0 0 12 5 0 100
83 53 170 105 140 105 0 0
0 2 -9 -9 -9 -9 -9 -9
-9 -9 -9 7 1 -9 -9 6
28 84 2 1 2 2 2 1
1 1 1 2 2 1 1 1
1 1 60 -9. name
4047 0 61 1 1 1 1
-9 4 160 1 0 -9 -9 -9
1 1 -9 1 4 2 85 0
0 0 1 1 12 7 3 100
145 73 200 80 160 70 0 0
1 2 -9 -9 -9 -9 -9 -9
-9 -9 -9 7 1 -9 -9 4
3 85 2 1 2 1 1 1
1 1 2 1 1 1 1 1
1 1 76 -9. name
4048 0 51 1 1 1 1
-9 4 140 1 0 -9 -9 -9
0 -9 -9 0 4 2 85 0
0 1 1 1 12 6.5 0 100
60 63 160 100 140 90 0 0
0 2 -9 -9 -9 -9 -9 -9
-9 -9 -9 3 0 -9 -9 4
3 85 2 1 2 1 1 1
1 1 1 2 1 1 1 1
1 2 83 -9. name
4049 0 70 1 1 1 1
-9 4 115 0 0 -9 -9 -9
0 -9 -9 1 9 17 84 0
0 1 1 0 12 4 0 50
92 65 155 85 115 85 1 0
0 2 -9 -9 -9 -9 -9 -9
-9 -9 -9 7 2 -9 -9 9
19 84 1 1 2 1 1 1
1 1 1 1 1 1 1 1
1 1 73 -9. name
4050 0 61 1 1 1 1
-9 4 130 0 0 -9 -9 -9
0 -9 -9 2 7 30 84 0
0 0 0 0 12 7 0 125
115 90 160 80 130 80 0 0
0 2 -9 -9 -9 -9 -9 -9
-9 -9 -9 7 2 -9 -9 7
31 84 3 1 2 2 1 2
1 2 1 2 2 1 1 1
1 2 62 -9. name
4051 0 38 1 1 1 1
-9 4 150 0 0 1 -9 -9
-9 -9 -9 0 1 14 85 0
0 0 0 0 12 7 -9 100
120 56 190 100 150 90 1 0
-9 -9 -9 -9 -9 -9 -9 -9
-9 -9 -9 3 0 0 -9 1
15 85 1 1 1 1 1 2
2 2 1 1 1 1 1 1
1 1 74 -9. name
4052 0 57 1 1 1 1
-9 4 160 -9 0 -9 -9 -9
-9 -9 -9 0 10 23 84 0
0 0 0 0 12 7.5 -9 150
98 57 170 85 160 90 1 0
2 2 -9 -9 -9 -9 -9 -9
-9 -9 -9 7 2 0 -9 10
24 84 2 1 1 1 1 2
1 1 1 2 1 1 1 1
1 1 69 -9. name
4053 0 38 1 1 1 1
-9 4 135 0 0 -9 -9 -9
-9 -9 -9 0 12 5 84 0
0 0 0 0 12 10 -9 150
150 69 180 80 135 80 0 0
0 -9 -9 -9 -9 -9 -9 -9
-9 -9 -9 3 0 0 -9 12
6 84 2 1 2 1 1 1
1 1 1 2 2 7 1 1
1 2 62 -9. name
4054 0 62 0 0 0 0
-9 1 140 0 0 -9 -9 -9
-9 -9 -9 0 4 17 85 0
0 0 0 0 12 5 -9 50
143 98 190 80 140 60 0 0
0 -9 -9 -9 -9 -9 -9 -9
-9 -9 -9 3 0 0 -9 4
18 85 2 1 2 1 1 1
1 1 1 2 1 1 1 1
1 1 -9. -9. name
4055 0 58 1 1 1 1
-9 4 170 1 0 -9 -9 -9
-9 -9 -9 1 1 14 85 0
0 0 0 0 12 7 -9 150
105 66 220 95 170 100 1 0
0 -9 -9 -9 -9 -9 -9 -9
-9 -9 -9 3 0 0 -9 1
4 85 1 1 1 1 1 1
1 1 1 2 1 1 1 1
1 1 80 -9. name
4056 0 52 1 1 1 1
-9 4 165 1 0 -9 -9 -9
-9 -9 -9 0 3 27 85 0
0 0 0 0 12 8 -9 150
122 59 180 110 165 105 1 0
1 1 -9 -9 -9 -9 -9 -9
-9 -9 -9 7 2 0 -9 3
28 85 2 1 1 1 1 2
1 1 1 2 2 1 1 1
1 1 76 -9. name
4057 0 61 1 1 0 0
-9 3 200 1 0 -9 -9 -9
-9 -9 -9 1 8 6 84 0
0 0 0 0 12 6.5 -9 75
70 52 200 105 200 110 0 0
0 -9 -9 -9 -9 -9 -9 -9
-9 -9 -9 3 0 0 -9 8
7 84 3 1 1 2 1 2
1 1 1 2 1 1 1 1
1 1 68 -9. name
4058 0 50 0 1 1 1
-9 4 160 1 0 -9 -9 -9
-9 -9 -9 0 10 24 84 0
0 0 0 0 12 6 -9 75
110 74 190 90 160 100 0 0
0 -9 -9 -9 -9 -9 -9 -9
-9 -9 -9 3 0 0 -9 10
25 84 1 1 1 1 1 1
1 1 1 2 1 1 1 1
1 1 -9. -9. name
4059 0 51 1 1 1 1
-9 4 130 0 0 -9 -9 -9
-9 -9 -9 1 9 4 84 0
0 0 0 0 12 9 -9 150
163 110 160 70 130 70 0 0
0 -9 -9 -9 -9 -9 -9 -9
-9 -9 -9 7 1 0 -9 7
3 84 1 1 1 1 1 1
1 1 1 2 1 1 1 1
1 1 66 -9. name
4060 0 65 1 1 1 1
-9 4 145 0 0 -9 -9 -9
-9 -9 -9 1 1 11 84 0
0 0 0 0 12 4 -9 50
67 39 120 80 145 85 0 1
-9 -9 -9 -9 -9 -9 -9 -9
-9 -9 -9 6 1 0 -9 1
22 85 3 1 2 1 2 2
1 1 1 2 1 3 1 1
1 3 63 -9. name
4061 0 52 1 1 1 1
-9 4 135 0 0 -9 -9 -9
-9 -9 -9 0 5 2 84 0
0 0 0 0 12 8 -9 150
128 70 160 90 135 85 1 0
2 2 -9 -9 -9 -9 -9 -9
-9 -9 -9 7 2 0 -9 5
3 84 2 1 1 1 1 1
2 1 1 2 1 1 1 1
1 1 67 -9. name
4062 0 47 1 1 1 1
-9 3 110 0 0 -9 -9 -9
-9 -9 -9 0 9 25 84 0
0 0 0 0 12 7 -9 150
120 68 135 80 110 80 1 0
0 -9 -9 -9 -9 -9 -9 -9
-9 -9 -9 3 0 0 -9 9
26 84 1 1 1 1 1 1
1 1 1 1 2 1 1 1
1 1 60 -9. name
4063 0 35 1 1 1 1
-9 4 -9 0 0 -9 -9 -9
-9 -9 -9 0 7 18 84 0
0 0 0 0 12 3 -9 50
130 70 -9 -9 -9 -9 1 0
-9 -9 -9 -9 -9 -9 -9 -9
-9 -9 -9 7 2 0 -9 7
19 84 3 1 2 2 1 2
2 1 1 2 2 1 1 5
3 3 68 -9. name
4064 0 57 1 1 1 1
-9 4 140 1 0 -9 -9 -9
-9 -9 -9 0 9 4 84 0
0 0 0 0 12 6 -9 50
100 78 170 110 140 95 1 0
0 -9 -9 -9 -9 -9 -9 -9
-9 -9 -9 6 1 0 -9 9
5 84 3 1 2 1 2 1
2 1 1 2 1 1 1 1
1 1 67 -9. name
4065 0 62 1 1 1 1
-9 4 115 1 0 -9 -9 -9
-9 -9 -9 0 2 6 85 0
0 0 0 0 12 4 -9 50
72 44 110 70 115 70 1 0
-0.5 2 -9 -9 -9 -9 -9 -9
-9 -9 -9 3 0 0 -9 2
7 87 1 1 2 1 2 1
1 1 1 1 1 1 1 1
1 1 -9. -9. name
4067 0 59 1 1 1 1
-9 4 110 0 0 -9 -9 -9
-9 -9 -9 0 9 6 84 0
0 0 0 0 12 4 -9 50
94 82 115 80 110 85 0 0
0 -9 -9 -9 -9 -9 -9 -9
-9 -9 -9 6 2 0 -9 9
5 84 3 1 2 1 2 1
2 1 1 2 1 1 1 5
3 3 58 -9. name
4068 0 53 1 1 1 1
-9 3 160 1 0 -9 -9 -9
-9 -9 -9 2 5 28 84 0
0 0 0 0 12 6 -9 100
122 91 180 110 160 110 1 0
0 -9 -9 -9 -9 -9 -9 -9
-9 -9 -9 7 2 0 -9 5
29 84 1 1 1 1 1 2
1 1 1 1 1 1 1 1
1 1 71 -9. name
4069 0 62 1 1 1 1
-9 4 150 0 0 -9 -9 -9
-9 1 -9 1 7 10 85 0
0 0 0 0 12 7.8 -9 100
78 54 120 80 150 80 0 1
2 2 -9 -9 -9 -9 -9 -9
-9 -9 -9 7 3 0 -9 7
11 85 3 1 2 2 2 2
2 2 2 2 2 3 5 7
8 4 49 -9. name
4070 0 54 1 1 1 1
-9 4 180 0 0 -9 -9 -9
-9 -9 -9 0 5 6 85 0
0 0 0 0 12 7.5 -9 100
150 58 215 115 180 80 0 0
1.5 2 -9 -9 -9 -9 -9 -9
-9 -9 -9 7 1 0 -9 5
7 85 1 1 2 1 1 1
1 1 1 1 1 1 1 1
1 1 71 -9. name
4071 0 56 1 1 1 1
-9 4 125 0 0 1 -9 -9
1 -9 -9 0 6 19 85 0
0 0 0 0 12 6.5 -9 100
103 55 175 85 125 85 1 0
1 2 -9 -9 -9 -9 -9 -9
-9 -9 -9 7 2 0 -9 6
20 85 3 1 2 1 1 2
1 1 1 2 1 5 1 1
1 2 68 -9. name
4072 0 56 1 0 1 1
-9 3 125 0 0 -9 -9 -9
-9 -9 -9 0 6 24 85 0
0 0 0 0 12 6 -9 100
98 64 175 90 125 85 0 0
-2 2 -9 -9 -9 -9 -9 -9
-9 -9 -9 7 1 0 -9 6
25 85 2 1 1 2 1 1
2 1 1 1 1 1 1 5
3 2 61 -9. name
4073 0 54 1 1 1 1
-9 4 130 0 0 -9 -9 -9
-9 -9 -9 0 7 3 85 0
0 0 0 0 12 9.5 -9 150
110 58 160 85 130 80 1 0
3 2 -9 -9 -9 -9 -9 -9
-9 -9 -9 7 2 0 -9 7
4 85 3 1 2 1 1 2
1 1 1 2 1 1 1 1
1 1 -9. -9. name
4074 0 66 0 1 1 1
-9 4 155 0 0 -9 -9 -9
-9 -9 -9 0 7 3 85 0
0 0 0 0 12 6.5 -9 75
90 66 190 90 155 90 0 0
0 -9 -9 -9 -9 -9 -9 -9
-9 -9 -9 7 1 0 -9 7
4 85 1 1 1 1 1 1
1 1 1 2 1 1 1 1
1 1 70 -9. name
